3d2f  180  480  118  -45   81  -72
1qvr   87  503  281   39  120 -177
1s3x  164  242  279  -53   75  133
1s3x   68  112  352  -59  146  144
4b4t  153  420   51 -124   63  -70
1s3x  151  469  476  -59  119   90
1s3x  132  192  135   32   77  133
3cf3   59  238  298   61   49  157
1bxn   69  406   46   44  123  -68
2cg9  121  413  150  -26   93  118
3d2f  152   98  366  101   30  160
1s3x  180   14  419  -15   56  103
3qm1  149  370  242 -127   38  -96
2cg9   50  142  218   46   75  -94
1bxn   77  344  439  119  158  142
3gl1  172  180  471 -178   98 -106
2cg9   35    2   58  127   22  -86
3gl1   45  477   99 -163   90  166
1s3x  159  381  137  175   79   -6
1bxn  114  478  448  -36  167   97
4b4t   21  351  131  -23   58 -164
1qvr  128  431  365  145  168  -56
1s3x   58  446  251    5   62  -39
4d8q  170    1  357  103  109  130
4d8q   11  437  238 -127   99   64
1bxn  182  249   70  153  123 -178
3cf3  164  353  211 -139   30   36
1s3x   95  341  227  -40   82   85
1u6g   51  456  297   80  107  -86
1s3x  163  265  459   13  128   -9
3cf3   16  506   68  169   16  -77
3cf3   55  104   48  -92   82  127
1s3x   76  463  113  -37  103 -149
3d2f  103   90  236   -3  112   72
3cf3   85   35  478  174  134 -136
4b4t  138  316   47 -146  118 -139
4d8q  140  299  361  112   78   60
1s3x  149  419  420 -140   25   39
4b4t  108   29  241 -123  144 -155
1u6g  175    8  143  -37   47 -111
3gl1   72  207  307  151   33   49
1s3x   71  450  239 -105   38   14
3h84   89  311  483  133   92 -118
1qvr  115  242  342   41   40   67
1qvr   28  149  459 -117   92  172
1s3x   12  119  238  -80   85   67
1u6g  162  380  196  -85   51  153
3d2f  152  345  334 -112  100 -127
3qm1   50  473  371   27  101  162
3h84  181  474  275   -4   63  -83
4b4t   27  384  274    9   11  151
4b4t   80   29  409   63   74  104
1u6g  102  456  272 -178  144  -39
1u6g  123  307  348  -53   92  -78
3cf3  139  117  471   17   93  -80
4d8q   55  321   76  106  141  137
3qm1  160  244   96   82  159   57
4b4t  160  201   77 -175  111    7
3cf3  141   65  204  -73   81 -141
4d8q  175  133  253  -42  121  -91
2cg9   31  140  251 -155   38  -67
3d2f   26  118  415  177  135  -32
3cf3  183   37  338  122   50  160
3cf3   72  467  155   84   62   29
1qvr   31  298   44   12  130  147
3qm1  152  295  392  105   59  -24
4d8q  174  310  350  -13    3  -54
1qvr  171   35  200  107  135 -116
3d2f  179  379  135 -106   70 -115
1s3x   55   79  232 -177  127  129
3gl1    7   25  489  137  145   -9
1s3x    8  253   91   72  103   23
3h84   62  361  156   49   94  -28
2cg9   53   96  308  -97   18  106
1bxn   53  320  476   42   62 -180
4b4t  130  192  359 -150  101   68
4b4t  110  479  511  -26   63  -23
3gl1  138  459  198  -12  169  -50
1bxn   99  261  264  117   78    2
3d2f   29   18   13  -15   22 -172
1u6g  128  449  119  -26  135 -171
3gl1   78  174  120    9   56  -59
3h84  168  493   91  158   33 -142
4b4t   85   11  280  -68  140   81
3h84  113  332  308  -25  100    7
3d2f   69  371  189   -5  135   20
3h84   69  144  344   -7   60  -22
1qvr   45  410  486   60  108  140
1u6g   88  293   24 -179  114  160
3d2f  163   64   70  130   83  -43
1qvr  170  199  390  177   84 -127
4b4t  108  268  140   70  109  126
2cg9  150  161  377  166   92  154
2cg9   53   48  503  -65  125  -14
3cf3   92  317  168  140  125   67
4d8q  168  145  453 -131   26  -79
2cg9   64  371  472  114   30   85
3h84   63  117  488 -125   11 -104
3d2f  139  414  343  105   39 -173
3h84   91  504  361  173  155 -171
1qvr   13   14  114   88   92  -38
1s3x  110  413  184  -95  128  148
3cf3  130  478  173   32  155   94
1qvr   94  232  345  -16   41  -79
1s3x   29  379  337   19   68  117
1s3x   41    4  198 -174   58  -83
1bxn  115  454  370  152   29  105
3cf3  149  105  149  -83   86   40
3d2f  144  279  178  -44  132  -57
1bxn   91  314  303  -42   33  -97
4b4t   59   54  337   20   72  -79
3qm1   12  121   50  131   67   67
3qm1   65  425  173   43   97  156
1s3x  160  475   79  116  129 -138
4d8q   78  455   82   83   58 -166
1qvr  131  152  280   40   70 -166
4d8q  163  327   27   46   47  -25
2cg9   60  167   30  127   75  175
3h84  180  428  202   89  124    5
1s3x  128  239  460   13   58 -109
1u6g  141  373  494  -48   89  -30
3h84   62  338  118  -89   86  177
4b4t  119  214   43  113   25   31
1bxn  127  492   84   41   89  125
1qvr   26  451   39   54  116   85
3cf3   83  140  103    3   72 -113
4d8q   64  369  218   78  118  164
3gl1  164  440   18  -50  158  -30
1qvr  179  115   42  -25   41  -96
3cf3  101  410  131   26  102   88
3h84  175   42  281  -54   27   49
3d2f   70   31   92 -157  121   52
3h84   70  426  210  129   38   -6
4b4t  127  182  285  -55   14  164
3h84   56  198  155  -88   52   95
3h84   69  476  450    3   40  133
3h84  105   25   93 -106   45  -17
1bxn   20  383  312  132  120   85
3h84  102  364  248   -7  132  -93
1u6g   46  160  179   49   66  -45
1qvr   92    3  415  -13  113  121
3h84   83   66  228 -144  121  127
4b4t  125   22   39 -121   44   70
1s3x  144  174  240    3   89 -106
1qvr   41  364  164   26  120  -59
3gl1  147  114   19   -9   41   -3
3qm1  157   31  315 -174   61 -136
1s3x   74   67   32  124  101  -79
3h84  125   53  155   61   12    7
4d8q   95  108  167  -69   31 -129
4d8q  128  307   91   -3   46    0
3h84   99  153  198   86  124  -73
3cf3  132  383  159   -8   38   94
3h84  176  334  292  124    5  129
4b4t  107  405    3    5   54 -118
3cf3  186  176  328  170   72   71
2cg9   23  376    5  -62  120 -136
1u6g  123   15  108 -121   67  -63
2cg9   75  176  322 -112  112  171
2cg9  129  178   98  -46   83 -160
1bxn   28  261  184   -1   62  166
3cf3  144  362  262  -90   77 -111
1s3x  177  379  103 -132  109 -102
3cf3   78  211  432  -52  106  -87
2cg9  149  325  370   57  122  -92
1qvr  112  250  294 -127  125   21
3h84   61  343   35  -46   30 -104
4b4t  159  150   54 -168  138   19
3d2f   82  247  160  108   61  -74
3h84   66  134  269  175   87   61
4b4t   39   97  279   66  123 -141
3qm1  170  235  449  118   69   81
3h84  163  382   13  -17   88  -22
1bxn  153  506  446  -88   98  161
3h84  164   18  461  120   29 -135
1qvr   16  408  391  -18  114   17
4b4t  160  203  440  -85   57 -109
3h84   26   68  175  110   24  -71
3qm1  141  238   50  155   17  146
3d2f   88  381  150   89   59 -175
4d8q   98  337  141   70  126 -114
1bxn  136  373  180  -74   48   87
1s3x   41  490   45  -39  127  153
4b4t   45  377  501 -116   56 -132
2cg9   69  116  207    4   51   62
1u6g  182  174  106  166   31  133
4b4t   89  290  221   33  145   57
4d8q  101  275   65   41   59  143
2cg9   11  353  431   10  105  -96
4b4t   22  418  360  -30  153   20
4b4t   86  418  340  -13   45  108
3d2f  188  141  164  -71  100 -115
1qvr  147   59  328 -145   67 -163
3gl1   17   63  199   17  135 -107
4b4t  171   16   97   39   21  128
3d2f  166  453  511  -57   73 -154
3cf3   84  215  197 -175   76 -170
1u6g   10  208  424  141   91  159
1qvr  101  238  484  -80  129 -180
3h84  149  180  336  -70  143   63
1u6g   11    8  361  -48  140  -29
3gl1  112   98   83  176   95  171
1s3x  150  347   97  -26  108 -169
3cf3   22   62  381  158   74  -26
3qm1   48  455   66  173  165    6
3d2f   26    1  138   24   34  -31
1bxn  147  275  239  159   74 -148
4d8q   97  439  487   67   89  110
3gl1   45  379  224  -16  100  -97
1u6g  162  461   48  -77  136   39
1bxn  100  119  236  174   79 -179
1u6g  143  355  172   54  134 -165
3qm1   41  253  147   85  120 -157
1u6g  120  403  368  -41   29  122
2cg9   86   22  349  114  113 -165
2cg9   43  230  209  -20   68   92
1qvr  173  433  259   26  101  -32
3qm1  115   65  303  -28   90   69
1qvr  188  260  336 -141  118  152
2cg9  141  328  309  100   67   -7
2cg9   27  298  510  108   63  -50
1bxn  159  422  346 -134  100  -13
1s3x  159  479  239   57  105  178
1bxn   65  376  254 -127   39 -165
3cf3  111  403  428  -40   31  117
3cf3   40  230  406  -66   93   -6
4d8q   85  247   93 -154  158   77
3qm1   46  506  258   94   63   48
1u6g   28  271  118  143  121   63
3h84  144  260  299  -32   64  121
3h84   77  169   42   34  130  -62
4d8q  106    2  438  175  140  -20
1bxn   96  356  412   93  154   64
3cf3   59  220  254   71  114   97
3d2f   85  375   64   -6  151  159
1bxn   70  502  304   17   98   34
4b4t   60  383  375 -165   28  151
3cf3  134  391  385  -40   79  125
3qm1   32    5  296   61   78  167
3d2f   97  330   52 -111  126  -28
3qm1  171  419  106  176  125 -119
1s3x  125  372  388  -57   43   71
2cg9  148  192  210 -140   82 -122
3h84  125  354  461  160   88 -155
4d8q   69   91  283   78   73 -128
1bxn   45  348  182   17   58  -61
1qvr   49  478  447  107   50  137
3cf3   34   26  508 -165  115   -2
2cg9  131  446   72 -136  105  122
3h84  102  341  197 -113   85   98
3d2f  138  221  141  168   73  166
1qvr  143  473  246   52  135   24
3cf3   62  283  281 -108  124 -179
1s3x   87  133  461  174  157   64
1s3x  164  370  258 -159   76 -158
1qvr  109   87  185 -112   94  -93
4b4t   63   77  375    5   95  -61
3cf3   66   39  200  -51  152 -124
4b4t   41  497   75  105   87   79
4d8q   64  429  460  -22  148   87
3cf3  153  296  274   93  116   18
1bxn   92    7   49  175   18   12
4d8q  181  120  198 -177  130   68
3d2f  117  490  145 -124  130  -81
3d2f   35   77  345   92  101   97
4d8q  106  319  480  -96  101 -104
1bxn  168  109  266   -2   85  -89
3h84  100  316   18 -163   82  157
3qm1   42  173  375  127  109 -136
4d8q   61   92  425  144  142  -66
3cf3   83  508  136  178  156   46
3d2f  166  338  403 -128   84  155
4d8q  133    5  362  146   90 -112
1u6g   38  406  292  164  139   26
3gl1   76  149  288 -132   97  163
2cg9  166  318  214   90   96  144
2cg9  183  491   83  125  144  175
1qvr   58  452  117   56   22   62
1u6g   12  210  455  174   87   17
1s3x  188  291  338 -155   83  -36
2cg9   98  321  330   92   96  159
1u6g  162  258  446  -92   75  118
1bxn  146  110   75  -44   73 -129
2cg9  113  123  306  -65   78  -29
3d2f  151  252   64  134   23    6
3qm1   64  458   80 -166  129  -62
1qvr  114  435  234   22   39   36
2cg9  179   95  477 -162   33 -176
3d2f   89   94  259   97  136  -46
1s3x   19  229  194  109   49  -77
1bxn  132  239  447   52   41  176
1u6g  187  363  133  145  151 -177
1s3x  107  193  479  117  151  -83
3cf3  104  362  482   46   72   14
1u6g   99  268  307 -106  145 -127
1u6g  185   57  294  102   98    2
1u6g  154   19  402 -142  144  167
1bxn  112  312  443   56  108 -146
1qvr   13  296  374  -86   26 -165
3d2f  143  160  335  178  155  -85
3cf3   82  126   33   82   88  -34
4b4t  174  178  249    1  140 -132
4b4t  178  200  331 -131  114  -51
1s3x  102  179  253   40   84   27
1bxn  117  218    9  140   78  112
3qm1  185  371  283  111  133  -37
1bxn  111  351  396  -32   76  159
4b4t  109  465  237  -94   80  -23
1u6g   87  248  372  -47  110 -169
1bxn   84  236  219  -77   63   -3
3cf3  169  247  141   30   91  178
1bxn  134  111  314  130   19  170
3cf3  147    3  208   -9  103   -3
3cf3  172  160  502   78  150  145
1bxn  140   79  177 -131  113 -108
3d2f  169  182  364   62   40   99
1bxn  146  435  291   74  135  -30
1s3x   66  446  101  -47  107  -49
1bxn  143   70  364   15   14   34
2cg9  147  176  128 -128  100   -3
1s3x  168  358   24 -141  124  152
1u6g   86  220   46   77  107  -53
3d2f   95  511  510   22   67   39
3cf3   17  399  171 -155  119  -26
4b4t  172   33   66 -177   45   -3
1qvr   94   49  162   26   71  -20
4d8q   74   49  154 -155   76 -162
2cg9  136  114  245 -137   69  130
1bxn   15    7   36  -67   29 -177
3d2f  183  123  134   86  136  -21
1s3x  153  296  413 -142   75   32
1s3x  151   83  155  -98   68   85
4d8q  105  229  374   97    6  -31
3d2f   63  183  241 -158  123  144
4b4t  153  161  176 -139  110 -179
3d2f  156  388  264   91   92   41
4b4t  178  383   80 -113   49  122
1bxn  134  405  290   98  106  160
3qm1   22  110   36  -83  116  -84
1u6g   58  383  441  110   66  134
1qvr  140  448  343 -178   55  119
4d8q  178   11   22 -109   26  -59
3qm1  171  132  413  179  108   84
1u6g  140  369    7  -33  106  141
3d2f   65  438  496   44   65  -35
3h84   87  214  354 -144  121  -95
1bxn   78  202  499  -13   99  126
3gl1  146  446   53  -74   87 -170
1s3x   36  358  226  -73  152 -138
4b4t   17  377  434  -16  113   30
4d8q  177  166   28 -139  122  -20
1bxn   71  505   55 -106   53    2
3gl1   55  448    2  -78   90   63
3qm1   37  332  317  101   59  -15
3h84   61  371  271   47  138 -160
4d8q  130  350  333  -60   93   77
2cg9   72  472   72    3  146  134
1qvr   47   56  450 -140  145  -32
3qm1   79  152  322  145   63  -19
1s3x  135  466  316 -150  111  163
3cf3   33  399  106   -4   18   -9
3qm1  160  255  406   27  154  -64
3qm1   24  339  264 -137   42   56
1u6g  175  383  407  -38  159   -3
1bxn  124   77   92  -45   84   89
3cf3  164  374  505  -12   56  -45
1u6g  140  356  221   16  110 -117
3cf3  122  473  396 -134   40 -111
4b4t   63  201  350   41  112   -8
3gl1   34  223  497   69   52  101
3h84  166  400  124 -137   51 -109
3h84  113   97  416  -95   64   93
4d8q  179  155   81 -120   14   87
1s3x   23  351  477  -31   57   37
4d8q   51  404  182   88  148   73
3cf3  166  327    9   66   48  -58
1s3x   90  379  484   32   83  -91
3qm1  172  368  161  -31   65   56
3qm1   82  180  374   94  139 -168
1s3x   59  256  396 -140   29  -53
1s3x   23  331   49   70   49 -120
1qvr   62   87  134 -101   88  132
3h84   70  299  343  -28  147  171
1bxn  147  339  443  161  142  140
2cg9  155  367  395 -102   65   80
1s3x  173  357  282   62   96   91
1s3x  166  266  431  -36  121  -78
3qm1   77  384   84  158  100  -70
1s3x    5   67   28  -31    3   43
3gl1   90  380   86   43   33 -172
2cg9   65  160  442   75   66 -140
1qvr  132   35  325 -174   10  -94
1qvr   15  136   22   56   83  122
2cg9   52  435   74   59   77  -98
1s3x  116  303  165  152  157  -24
4d8q   98  204  451   13  104  147
3cf3  163   90  201 -112  106   -6
4b4t  150   64  288   77  101 -172
3h84  145  279   86  124  130  132
3d2f   48  116   17 -159  171  -28
4b4t  161  309  487 -153   93 -168
3gl1   10  247  433  154   89 -108
2cg9  108  173   55  -60   51 -161
3d2f   33  445  339  149  145   32
2cg9   55  264  283  -78  156   85
1qvr  110  505  341  -95   92 -139
1u6g   97   99  381  -40   53  -84
3qm1  193   89  507  106   54   29
1s3x  188  159   67 -157  151   16
1qvr   58  405  297  156  142  -10
2cg9   15   96   32 -100  125 -179
2cg9  188  451  468  -72   95   -8
3d2f   26  211  131    5   86  154
4b4t   87   95   53  -34   18   11
1qvr  120  209  326   39  104  -74
3gl1  108  386  104  166  108   54
1u6g  131   40  508   30   89 -174
2cg9  176   11  310  156   88  -34
3gl1  164  414  373  -44   97   71
3h84  168   89  418  102   75  160
1qvr   48   50  146 -134   66 -149
3cf3   87   82  426  161  104 -178
1s3x    8   90  235  176   65  -26
1s3x   50  226  448   62  105  134
1s3x   69  252  405  -14   49  105
4d8q   61  351  318  105   83  -88
3qm1  188  355  158  112  122   52
3h84  145  350  194 -140   81  158
4d8q   31  108  209    1   68 -143
4d8q   17  116  153  139   61   92
1bxn  118   16  346  -15  112  -20
1s3x   66  434  145 -155  130  -59
1qvr   18  498  401  100   92   33
1u6g  109   73   96  -93  143   43
4d8q  142   93   39  -74    9 -179
1s3x  164  197  139  -21  109  122
2cg9  190  207  493  -85   73  -64
1bxn  141  206  114  -53   57   29
1qvr   68  426  384 -162   81 -175
3cf3  127  185   51   47  115  -13
1bxn   91  348  511   74   31  130
1qvr   80  168   91  138   63  149
3h84  153  405  260   46   76   14
1u6g  124  356  177 -143  124 -128
3qm1   12  319   41 -167  127   -2
1s3x   19  201  161 -101   41   66
2cg9   39  248  330  -29  152   97
4b4t  132  419  113 -157   84 -150
1s3x    9  408  332  -31  127  106
1bxn   34  455  133   70  105    5
1s3x  146  261  357 -108   39   97
1bxn  134  206  413  -12   21   13
1s3x   69  225  480  -76  120  175
3cf3   74  109  402   20  165    8
2cg9   78  419  495   79  109  -70
3h84   80  340  106  -76   75   53
3h84  163  473  281  -57  142 -100
3cf3  132  414    7   35   15  130
3d2f  150  438  189 -150   75   -8
3cf3   97  189   24 -146   13   13
3gl1  149  243  327   75   84  180
3gl1  166   28  297  127  101   95
1s3x   77  116  323   82   59   98
1bxn  155  311  161  -36  110  133
4d8q  149  469  366  130  169  -52
3cf3  146  260  340  134   64  151
1qvr  133  432  395  141   67  -62
4b4t   49   48  267   75  123   96
3gl1   33  450  428 -111  138   53
3h84  169  229  326  -34  131  -42
3h84   41  490   28  149  123  162
1bxn  109  254  437  -49   98 -131
3h84   19   36  148 -180   81  -35
4d8q   29   19  197   13   29  171
3qm1   84  134  367  -46   80 -106
3qm1  122  138  251 -174  102  -26
4b4t  171   41  249  139   45 -162
2cg9   45  470  276 -128   33  -68
1u6g  183  138  336  172   83    8
1s3x   16  373  302  137   44 -108
3qm1   64  129  177   -8   78  -59
3qm1   31  297  433   54  106  -97
3qm1   17  448    6 -121   40  -95
4b4t  181  282  278 -158   39 -116
1s3x  119  199  425  -98   91  108
3qm1  189  318   81    5  123  132
1u6g   35  432   99   44  128 -123
4d8q   32  233  147  123  114  -37
1s3x  184  149  401   13  155 -139
3qm1   36  184  306   15   32  -21
3cf3   37  182  437   59   72  -67
1u6g  110  261  406  108  147  -57
4d8q   51  132   91  -15   37   94
2cg9   77   62   48  -20  124  117
3d2f   50  483  421   65   73  146
3cf3   54  187  219 -166   69  -66
1bxn  157  491  261   90  162 -143
2cg9   96  476  186  -53   88   98
3d2f   40  261  365 -178   86   51
1bxn  173   90  130   -0  139 -122
1bxn  174  455  368  107   86    0
2cg9   10  456  276  -93  175  -30
3gl1  167  145   10  -58  112 -101
1qvr   24  246   22 -176   71 -161
1qvr  177  492  282  108  110  -73
4d8q   64  252  120  150  113   48
4b4t  105  368   30  141   76   14
3h84  114   63  446  106  111   30
3h84  134   19  149  119  150  -33
1u6g  190   97  258   74  159  168
1s3x  172  347   93  -76   39  126
3gl1  191  163  171  168  148 -154
1u6g   46  471  205 -125   99 -119
1s3x  150  259  473  -31  122  -98
3qm1   29  139  427   97   66  -19
3gl1    8  202   43   87   84  -31
1s3x  186  404  485   56   71  -61
1qvr   44  189  122  -86  100  -88
3cf3   18  472   37  -83  127  -76
4b4t  180  101   72  131  139 -146
3cf3   27  458  496  158  108  -90
4d8q   15  487  438   -8  164 -101
1s3x  170  333  475 -148   48  115
4d8q  137  457   17   35  128   98
4b4t  176   62  151  124   55   51
3cf3   50  347  205   94   90 -113
3qm1   20   14  326  141  105   91
1bxn  166  164  219   77  119   67
3gl1  172  133  475   48  122   25
1u6g  132   88  139   33  162 -162
3h84   43   42  479   39   95  -82
2cg9    9  150  498 -142  123   44
3d2f  129  244  320 -119   19  151
3gl1  112  245  409  116   82 -173
4d8q  116  134  184  -51  129   -0
1qvr  115   49  404   58   81   30
1s3x   91   33   28 -180  125   60
4b4t  145   56   29   77   53 -145
3d2f   80  193  417  122  136  -74
4d8q  114   62  354 -108  113 -138
4b4t   60  316  317  -90   26  180
3qm1   43   12  292   33  151   73
1qvr  168  293   55 -154   39   -9
3d2f   16  137  378   85   98  175
4b4t  158   82  246   -3   84 -153
4b4t   16  498  372  179  113  127
4d8q  173  288  232 -127  142  152
1u6g   34  423   22 -123   95   95
1qvr  183  110  421 -134   69 -172
3gl1  172  325  329   40   74   37
3d2f  174   52  427   82   91  -15
4d8q  181  326  231 -172   38  -26
2cg9   55  187  458   16   66  -96
1u6g  177  106   99   26   86 -146
3qm1  100  134  453 -127  133 -116
4d8q  167  197  464 -141   92  110
3h84    9  157   27   36   94  162
4b4t   39  416  220  164  121  135
1s3x  192   93   93  -45   90 -125
3cf3  125  243  245  -36   72 -138
3d2f   88  278  291 -170  116    9
1u6g  182  231  413  158  102 -139
3d2f  116  444  195  -19   98 -131
1s3x  188  241   85  169   66  101
1bxn   44   93  336   82  127  168
1bxn   43  245   77  149   40   75
1s3x   17  174  162  151   23 -140
3qm1  175  353  491   29   93  175
1u6g   57  271  163 -148   36  152
4d8q   44   69  174   67   82 -161
3qm1  181  407  207   57   99  110
1s3x  100  209   37  -82  148  -16
4d8q   28  350    9   97   99   81
1s3x  130  308  413    3   78   23
2cg9  132  387   76   23   62   42
4d8q   84  190   44  164   88   64
3cf3  159  460  215  100   55   84
4d8q   53  269   34   97  152  -20
3h84   70  265  335  -85  131   97
3h84   75  444  176  -45   60   -8
3gl1  153  165  280   51   81  -42
3gl1   35  205  256   65  102 -121
3gl1  185  510   67  -29   53 -153
4b4t   17  284  340  154   95  171
3cf3   74  227   88 -170   63  167
3gl1  113  271  217  -29   92  145
2cg9   56   94  111  -66  107  -16
1bxn  104  481  428 -128   79 -120
2cg9   44  211   79   87  125 -112
3cf3   63  123   56    4   45   53
3cf3  139   24  381  148  106 -174
3gl1  169  109  314  -18   65   65
4d8q   41   28  103 -178   48  -38
2cg9  101  144  384   80   87 -100
3gl1   62  391   97  124  151   71
3h84   94  129  486 -173   56  -81
3qm1  120  327  210 -116  163   58
3cf3  104  453  321 -138  135   20
3h84   90  150  162  129   91   -4
1u6g  150   38  171  124   44  -87
3gl1  142  249  237   63   76   42
1qvr   57  160  304   91   22  -59
3gl1   29   59  324 -150  139  -12
1u6g  162  404  284  -92  149  115
3qm1   88  133  253  -57   34  -73
1bxn  102   81  284   87   93   88
2cg9  149  348  493  125  126 -158
1qvr   96  133  186 -100  122   14
2cg9  166  476  378  134   70  -74
1bxn   98  225  168   68   18  168
3h84   43  106   91  105  116  -93
3h84  181  409  509   -9   40   -8
2cg9  103  414   96  107  143   97
3cf3   17  329   74  154   72   76
3d2f   60  339  253   13   80  -20
1bxn  116  148  494  120   94  -94
1s3x  183    6  467  141   85 -165
4d8q   12  446  169   21   65  -47
1u6g  163  133  147  -79  125 -112
1bxn   74  407  179   20   98 -104
4d8q  187  277  476  113  117  104
1bxn   64  208  179  135   78    4
3gl1   78   10  444 -135   69   80
3h84  121  188  120  -49  132 -145
3d2f  166  251  359  -90   66  -41
3gl1  163  425  280   19   47  -21
4b4t  126  381  339   67   61  157
3h84  133  160   34 -118  160  127
3cf3   51  449  167  -38  108   15
1qvr  147  133  356    4   75   -8
1u6g  165   84  399  119   68   49
2cg9  189  344  397   48  150  176
3gl1   93  403   64  149   28  -15
4d8q   53  347  342 -106   61 -154
1qvr   42  239  465  161   37  -92
4d8q  112  433  297  -42  128  123
1bxn   88  291  315    8   67   40
3cf3  173  232   40  146  143  136
4b4t   23  323  396  -76   54  -41
1u6g   61   10  277 -139  137  -81
3gl1  165  338  121   86  101 -104
3h84   33   48   19   53   46  -41
2cg9  105   72  261 -157  104  -84
3gl1   42  266  478  168  117   79
4d8q  156  352   50  108   60  122
1u6g   78  293  485  -76   71 -114
1qvr   58   62  406  -11  111   76
2cg9   52  465  100   28   74  -21
3cf3  161  303  313  -70   82   54
3cf3   90  462  130   46   28 -140
4b4t   96  307   77 -162   89   78
1bxn  100  510  119 -153  144  179
1qvr  110  130  108  112   44 -166
1qvr   78  502  481 -114   40  105
3d2f  113  163  406  -37  136    3
2cg9   20  345  287   55   53 -158
3qm1   43  374  403   97  104  113
4b4t  135  330  266 -174    3   21
3qm1  115   98   22   65  119   72
4b4t   27  442  305   20  136  100
2cg9   75  255  389 -113   65   35
3qm1   36   84  387   55  122 -126
4d8q  141   93  492    5   86  -32
1s3x  184  112  498  140   54  -24
1bxn  189  243  107   81   91 -155
3cf3   11  248  346  128   81  -39
4d8q   79  292  418 -108  108   13
2cg9   21  433  267  -24   78  -66
1qvr  159  236  216  122   21 -180
1qvr  158  267   45  169   27   50
1s3x   86  225  173 -157  107 -132
3d2f  112  229  117   20  135  -23
3qm1  126  402  469  -39  148  151
1qvr   27   57   90   35   34  -42
3d2f   58  147   55   62   34 -113
4d8q   21  501    6  176   35  146
4d8q  103  325  248   76  108   81
4b4t   56  285  450  128   63 -130
1bxn  123  204  261   60   51  179
3qm1  130   91  404  -70   84 -149
1qvr   20  381  205 -157  104 -160
4d8q   48  141  433   94   63 -143
3qm1   99  275   21 -176   51  -70
1qvr   96   33  117  157  154  -78
1u6g  124  500  172 -103  144  -44
2cg9   31  511  288  -70   28  136
2cg9  180   65  101  -71   82   80
1bxn  188   13  341  133   82 -103
1bxn   26  236  130  147  105   46
1u6g   86  486   84   32   90  112
3cf3   75   42   28 -164  132  -74
3cf3   47  271  256 -130   60   28
4b4t  133  498  202  124  137  -28
4b4t  107  100  475  165  105  -17
1qvr   19  355   65 -168  152   83
1bxn  182  200  192   78  126  -48
1bxn  131   41   95 -114   49  -57
3d2f  149  479  493  121   69 -162
1bxn  126  456  462  164  114    2
3h84  133  272   61   -7   68 -158
4d8q  142  342  352   57   61  -49
1qvr  114  506   16   89   91 -137
3cf3  139   87  316  -31   91   79
1u6g   58  302  279   31  127   70
1s3x   70   65   67 -166  139  174
1qvr   41  392  153  172  111   65
1s3x  144  149  440  -11  137  169
3gl1   54   60  481  108   98 -111
4b4t  120  362  284  102   46  -91
4b4t  112  193  159  -88  147 -101
3cf3  127  173  468  -63  134   49
3qm1   15  260  257  -65   47  160
4d8q  109  241   73  152   74  -38
3qm1  113  247  507 -121  106  -39
3h84   94   28  199   42  116  -28
3d2f  187  248  425 -160  143  114
2cg9   86  428  295  -13  149   55
3d2f  132  225  182  152  171 -120
1bxn  151  225  451   50   68  136
1s3x   37  150   62  -42  141  -26
1qvr  141  481   43 -167   35  -21
3h84   99   70   46  107   91 -172
2cg9  166   86  350   70   63 -171
3d2f  180  261  117  101   33  -17
1bxn  158  502  149  -47   30  -15
2cg9   82   26  313   73  131   77
4b4t  108  326  413  132   56   45
4d8q  172  239  494 -171   76  -21
4d8q   81  479  261  125  120  -88
3d2f   42   29  305  109  113  -47
2cg9  152  256  429  -48   96 -103
3d2f  144  463   76   41  144   -2
3gl1   44  504  125   61   48  168
3gl1  155  289  375   -9  129   -6
1s3x   75  196  288 -151   68 -112
3d2f   63  308  175 -108   41  164
1qvr  125  142  452   62   59  -30
1u6g   95   29  165  -98  136   34
3gl1   20  508  439 -156   37  -67
3h84   37  326  132 -120   94 -126
3d2f  103  105  115  -87  138   35
3qm1   93  412  218 -127   21  102
3h84   14  255  306  -72   55  -20
3cf3   97  396  228   43  162  -70
1s3x   46  456   38  101  129  166
4d8q   29  466  457  -13  105  143
4d8q   28   18  349  104   74   42
1qvr  178  378  382   -3   95  -97
3h84   86  112  245   70  130   64
4d8q  162  404  328  -16   25   62
1u6g  114  357   93  -76  163 -136
3d2f   32  163  134  -74  102  170
1s3x   41  171  252  -19   30   37
1u6g  115  429  318 -125   76   47
4b4t  171  444  442 -171   87  169
1qvr  109  147  308 -160   36   31
2cg9   59  133  502   70   76  -16
2cg9   15  429    1 -157  132   -5
1s3x   81  283  270 -177  123   54
1bxn   93  205  259 -164   45   58
3cf3  160  287   25   -7  121  179
4b4t   63  159  381  170   38    2
3h84  167  484  212   67  118   -1
3d2f    9  114  346  -13  114   46
1u6g  143  141  151   -8  119 -162
1qvr   58  142  235 -112   96  176
3gl1   78   39  307   68   99 -161
4b4t  158  390  452 -115  144  177
1bxn   22  272  415 -128  106  -76
3gl1  180  256  157   56   58   14
3cf3  144  320  353   83  143  -66
3qm1   44  265  417  -75  144  -30
3d2f  109  477   10  179  110   20
3cf3   31  102  131   73  126  -40
3qm1   68  363   71  -73  120  137
1s3x  131  328  165  -85  139  -78
3cf3  178  494   13  -18  118 -149
1u6g  117  274  177   68  120 -173
4d8q   20   26  245  170  151  -75
2cg9  113  370    6  -37   58 -139
4b4t   26  246  282  105   67   42
3gl1  154   42  272  151  124   93
4d8q  123  489  119  178  130   97
3cf3  148  199   24  -81   93   97
1u6g  178  483  352  -80  108  152
3h84  156  505   58  -39   38   68
3h84   51  110  210  -84   97 -123
3d2f  147  183  471   72  130  113
3cf3   29  456  402   82   90   41
3h84   89  368  276   62  105 -148
1s3x   21  124  392 -151  119  -35
3qm1  135   93   77  137  139   66
1u6g   41  203  284   92   51   16
3gl1  129  340  476 -123  110  128
1u6g  126   75   58  -65   72  -55
3h84  183  170    2 -150   83  -33
3qm1  135  429   80   80   56 -116
3h84   94  171  441  -43  132  158
4b4t   24  210    6  102  103  114
3gl1  179  180  396 -106  139   21
2cg9  182  121  160 -156  127   46
1s3x  183  490  153 -136   76  -44
4d8q  106   30  314   65   94  172
3gl1  146  354  454  -18   48   51
1s3x   17  305  229  -17  171 -118
3gl1  168  239  477  -42  122  -17
3qm1   61  138  316   73  106  -24
3gl1   66  256  368  134  136   74
2cg9   80   97  148 -115  118   99
1s3x  189  343   28  112   20  -68
4b4t   22  311  187  -97   63 -137
4b4t   42  276  210  -55   72   66
3cf3  139  227  386  131  142 -133
1u6g  105  309  280   59   77  100
3cf3   27  494  108  171  106   51
1qvr   35  290  397   57   96  116
1bxn   16  462  223  142   83   30
1u6g  179  224  274  105   67   92
1bxn   70  276  405  152  100  106
3qm1    7   44  357  139    9  126
4b4t   86  423  238   84   34   50
4b4t   23  201  376  103  119  174
1s3x  144   30   97  143  148  -45
3d2f  117  209  295 -158   43   15
1qvr   78  238  321 -107   68  120
4d8q  105  510  260   47   17  172
4d8q   73   75   81  -87   96  -19
3h84   93   62   16 -117  105  -32
4b4t  144  493   10  132   28  124
1u6g  185   99  307 -109   83  138
1u6g   70  467  484   30   73  -38
3cf3   10   21  406   61  154  -26
3qm1   25  369  243  157   79 -119
4b4t  161  288  439  108   76  -24
3cf3   71   11  163   65   73  108
1bxn   82  356  113  143   46   69
3cf3   70  256  255 -161   50  -70
3qm1   73  171   29  125   80   94
1qvr  156  483  165   -4   95   30
3d2f   77  149   22  -89  122  -39
1u6g   79  394  211  -85   99 -142
1bxn  126   48  122 -152   43  113
2cg9   68  371  507  137   73 -122
1bxn  126  373    7 -138  156  -18
1qvr   24  124  444   96   93  130
1s3x  184  371  213  116  161   39
3gl1  129  163  491  -68   44   -2
1bxn  106  185  119  118  142   79
4d8q   12   46  266 -103   33  120
1u6g   70  388  140    7   91  -73
4d8q  156  258  505 -150   89  -42
3gl1   10  333  500   50  133  -25
3cf3  156   73  177   78   62  103
4b4t   52  140  138   83  149 -126
3d2f  162   16  386  109  147  -44
1qvr   32  484  314   32  176   60
4b4t   74  246   61   57  134  122
3h84   56  185  393   94   96  167
1s3x  153  490  416  -63   82  126
1qvr   29  358  382 -145   70  117
1qvr   78   67  260  -94  121 -170
3h84  164  146  423 -104   90  -47
3gl1   27  173  148 -169  129  134
3h84  184  133  422  129   83 -118
1u6g  147  125  216  -31   83 -126
1qvr   16  307   75  -76   31  -77
3cf3   22  197  195  -46  165  160
3d2f  111   26  164   48  173  -45
3d2f   67  439   46  -21   39  -83
1bxn   40  317   24  -10   15  109
1bxn   69  264   86 -101  155   98
2cg9   11  397   25  176  108    1
3qm1   46   73  500 -164  124 -127
1u6g   50  389   66 -156   84 -164
3h84  189  354  239  -87   32  -67
3d2f   36  399  320   50  135   61
3cf3  181   90  439   76   80  -36
3h84  119  345   42   -3   77 -159
2cg9   80  265  373   65  164 -122
3h84  185  192  162   21   19  -43
4d8q  127    4  397  142   68 -163
3h84  139  134  506   -6   59  -98
1qvr  114   50  207  -10   71  -27
3d2f  124  153  348  -43   26  -34
2cg9   31  192   52   64   27  103
3cf3  131  247  501  118  113  -57
1qvr  124  303  225   -7   47   77
3qm1  103  158  491   29  100  135
3h84  185  433  127   -6   47  152
1qvr  117  468   45   30   86  -24
3qm1   42  365  314   78   47  -78
3qm1   65  165  461   18  139   -7
3d2f   72   61  110   49  130  -82
1qvr  100  254   50   86   71  150
3qm1   60  215   89  -24   64   94
4b4t  169  460  329  126   70  -24
4b4t  178  373  303  -51   25   37
3d2f  129  248  186 -174   67  -35
1bxn  103  167  201 -154   99  164
3h84   48  363  184  137   18 -171
4d8q  138  392  124  179  150   11
3h84   26  392   30 -129   86   54
2cg9  141  407  327 -178   64 -133
1qvr  104  415  455 -157   67   14
3cf3   47   74  205 -143  109  107
2cg9  144  311   23 -101   56  158
3d2f  114  434  276  139   85  -43
3h84   13  255  149   80  140 -153
3d2f   58  334  414   86   86 -164
3gl1  145  213  167  -97  108 -178
4b4t   64  286   99   29  108  -64
3cf3   52  382  342  101   71   41
3d2f   28  279  151   -2  132  122
4b4t  177  310  401 -129   95   -0
1s3x  167  114  137   36  103  -62
4b4t  141    4  467  147  149 -148
3h84   74  103  378  133  131  -90
3h84   51   87  454  -63  100 -151
4b4t   17  383   67  -87   68   55
3cf3  122  260  477  135  150 -110
1bxn   56  302  382  135  101  -72
4d8q   89  487  461   36  163  166
2cg9   68   88  210  -56   35  173
4b4t   17  162   78  115   17 -160
1qvr  137  236  106 -115   82   82
2cg9   53  249  225  -75  140   30
1s3x   94   81   77  -22   41  130
3qm1   85   51  248 -110  141 -158
1s3x   64  262  355   17   78  111
3qm1   41  393   88   53  118   15
3gl1  153  292  332 -135   64 -142
3d2f   90  155  362   21  134  -19
1s3x  137  334  298 -158  101   59
4d8q  113  435   82   99  110 -159
3gl1  171   97  397   92   85 -118
3d2f  103  498  380 -163  127   52
3cf3   79  380  404   31  142 -126
2cg9  171  119  330   50   68 -148
1u6g   14  488  179  -12  111  -60
1u6g   51   45   43  -94  154  176
4b4t  144  137  244   54  107  -66
3d2f   19  258  166   36   63 -148
3qm1  152  356  309 -107   90  142
4d8q  114  136   57  124   56  165
3qm1  139  435  511   67  122   55
3d2f   31  414  124 -138   86 -132
3d2f  152  304  180  -31  131  165
3d2f   99  475  346  -30  156 -168
3cf3   59  204  275  -88  149  -28
3h84  141  362  368  127   61  -31
4d8q  171  405  405  -34   73  124
1u6g  179   85  197   80  129   -1
3h84   63  492   19  139  155  107
4d8q  147  443  495   -1   76 -177
3cf3   16  251  367 -140   36  117
3cf3   70  479  108 -139   37  138
1s3x  179  236  202  178   77  -88
4d8q  162   49  483  123  160   40
1bxn  110  326  225   24   90  110
1bxn   68  279  480  128  131  -15
1u6g  109  116  387  121  160  -45
3gl1  125  421   63  -67  151 -164
4b4t  112  323  375  -86   97  101
1u6g  132  424  475   15  101 -166
2cg9  160  188  158 -159  121  -83
4d8q  143  448  456 -127   76 -158
1bxn  100   69  392  113   75   56
3cf3  181   87   13 -168  124    8
3gl1  161  253  177 -176   84 -151
3h84   52   40   14  -37  107  -74
3qm1   11  194  145   13   77  148
1qvr  129  270  317  149   75   18
3qm1  135  182  264   92   24  162
3h84  135  414  225  -42  111  127
3cf3  141  407  204 -134   27 -114
3cf3   50  302  347  -55   47  -64
1u6g   32  491  201  108   74 -114
3gl1  102  283  119  109  143   26
3h84  182  383  265  -97  130 -135
3gl1   26  330  164 -104   86  108
3d2f  177  339  142  171   35  174
4b4t  148    1  179   59   97  146
2cg9  174  199  498  -71   32  137
1bxn   45  134  187  -24  116  133
2cg9  118  476  356   46   91  -96
4b4t  120  272  357  -83  105  -74
3gl1   29  319  265   21   38  138
1qvr   71   88  505  163   79   33
3d2f   50  488  248 -108   82  175
3qm1  128  278   41  159   47  -78
3cf3  100   33   62   61   58 -141
1qvr  125  308  291 -163   89  -52
3qm1   98  351  117  -26   79   98
2cg9   95  136  270  -86   67   27
4d8q  102  388  202 -159   24  111
3h84  155  325  144  148  102   79
4d8q  108  217  205  -67  176 -104
1s3x   92  245  502 -160  103  177
3qm1   66  474  375   62   16 -161
1s3x  144  412  150  131  121  172
4b4t  175  326  449  137   71  145
3gl1   28  365  302   93  154 -126
1u6g   55  455  329   80  129   45
3qm1  132  494  477  -33   67    9
3qm1  125  228  271   15   42  -21
3cf3   72   11  240   15   68   96
2cg9  182  367  434  -91   88  -27
2cg9  154  384  241  163  147  -51
3gl1  145  323  103   98   80  145
4d8q  177  238   15  166  113 -124
3qm1   56   24  128  156  150 -113
3cf3   28  428   51   97  144 -176
1u6g  126  119  425  -45  140  -85
2cg9  175  425  406  179  123 -165
3cf3   84  182  474  130  139 -171
1s3x   81  439  509  125   94  -13
2cg9  111   83  210  -97   66    7
3h84  177  286  380  104   91  123
3cf3   21  434  417  102  110 -176
1bxn  137  340  238  180   76  106
3d2f   37  103  379  -45   55   83
2cg9  121  184  225   24  129   33
3cf3  114  450  341   23   27  -82
1bxn  125  417  259   21   86  106
1bxn   32  362  473   55  121  100
3d2f   75  108  310 -112   67   56
4b4t  150  283  123   81   58 -124
3cf3   99  422  419 -105  122   50
3cf3   73  452  366   45   40  162
3h84   21  368   23 -100   67   90
1u6g  188  191  461  -26   69 -155
4b4t   31   24   73   -5  107  -95
1u6g   58  236  160 -101   24   58
3gl1   63  283  492  -85   92   78
4b4t   24   87  454 -130  147 -127
3cf3   21  310  285   59   45   75
3cf3   67  428   21 -135  133  -12
1bxn   21   35  354 -135   55 -165
1qvr   26  276  259  159   79  -59
1s3x  109  337   89   81   37  -70
3d2f  102  333   28   36   31   88
4d8q   75  390  461  -48  129  -95
4d8q  114  351   74 -109  124  163
3d2f  189  191  411 -119   83  175
3h84   18   73   69 -111   58   21
3cf3   60  237  501  -61   59  -64
3h84   30  123  101   27   85   35
1bxn  134  487  336  117   65  164
1qvr  104   60  481   24   43  -80
3h84   55  119  415  130   78  171
3h84  177  286  359  148   23  168
1qvr   23  423  492 -170  103  -91
3gl1  148   85  112 -128   82   97
3qm1  173  108  217  -37   59   36
3gl1    9  124  188  171  114  100
3d2f  172   13  287   41  115  125
3d2f   61  209   60 -153   81   87
3cf3  188  148  130 -171  112  165
2cg9   38  274   11 -113   45   68
3gl1  159  236    7  -84   80   40
3qm1   73  320   81  -79   36 -136
1bxn   73   17   41  146   58   59
3gl1  128   80  195  -12  122  148
4b4t  175  324  258  -67  153  -42
1u6g  177  124  104  -37   86 -140
1qvr   32  467  247  -65  156   48
3qm1   59    2   95   12  128   30
2cg9  132  212  467 -155  118  130
1bxn   46  180  488  -36   36 -118
1u6g   65  287  378   -9  153   17
3qm1  188  181  277  176   87 -176
1s3x    5   86  179  130  134 -140
3qm1  111   81   28  110  100  -52
3cf3   71   86  474 -105  157  -14
3gl1  115  272  161  156  135   24
3qm1  164  115  230 -149   60  -19
3qm1   98  440  400  -88   79   42
4b4t   19  390  467 -106  122    3
3cf3   75    4   95  -94   60  104
4b4t   92  265  470  -69  139 -128
2cg9   13  267  436  -82  109   75
1bxn  190  331  126  -77  135  -88
1qvr  171   44  510  -45   34  -83
4d8q  183  114    8  -85   95  -86
3h84  117  476  304 -162  108   36
3gl1  132  400  171   13   62  101
3gl1   96  330  126   97  109 -169
3cf3  171  268  379   33  111 -169
1bxn   92  231  391  180  155 -165
3qm1  141  225  473  145   77   95
3d2f  113   69  415   -6  102   57
4b4t   57  492  155   16   51   84
3d2f   22  348  227 -141   25   90
4d8q  183  348  189  156   64  -82
3d2f  139   21   62   15  166 -151
4b4t   98  460  420 -137  155   16
1bxn   30  224  175   38  102 -136
3qm1   94  318  200  127   38  171
3cf3   85  313   37  168   53    2
3d2f   52  326  279  121  133 -127
3gl1  122  344  439  148   39   68
3h84   92   98  217  113  113  -12
4b4t  149   89  468 -164   44 -172
1u6g  104  352  232 -101  110  131
1s3x   24   85   40  129   71  -18
1qvr   44   12  441 -162   80 -165
1bxn   39   33  398    4   84 -104
3d2f  103  406  292 -175   98   92
4d8q  125   19   90  179  161   54
3cf3  166  357  230  161   53  -88
2cg9  188  456  295   89   48 -147
1s3x   57  158   98 -177   46 -127
1qvr   89  214  482 -127   52 -130
4b4t   92  491  314 -167   91 -102
1bxn  185  295  443   71   40   83
2cg9  125  507   64   77   57   83
1u6g   80  330  146 -108  105 -145
3d2f  171  264   86  113  130  -28
1s3x   68   48  251  -68   77   93
1u6g  184  124  375  169   16 -145
3cf3  113  205  240 -135   60  166
1u6g   40   91  207 -107   43  -28
3qm1  168  470  300  128  148 -104
3cf3  183   71  124 -101   78   44
1qvr   32  178  279    1   91  153
4d8q  117  492  405  105   24 -167
1s3x   80  243  144   99   86  144
1qvr   24  212   87  -81  126  135
4b4t   34  153  347  164   80  -15
1qvr  145   36  237  -90  101  -18
4b4t  128  209  445  -28   86   87
3d2f  141  428  241   44  117  -76
3gl1   24  252   73   98   60   19
1s3x    8  207  182   80   68 -125
2cg9   80  154  139  -36  161  -39
3d2f  120  442  486  -49  114  -96
3gl1  162  280  326 -135   50   72
3cf3  176  256  276  -70  108   79
4d8q  158  511  384  133   75   24
1u6g  162  229  300 -105   74   42
2cg9   11   24   48  -90  119   50
4d8q  188   61  459   83   82  -74
1u6g  160  391  165 -141  150 -180
3h84   17   79  215   86  142    3
4d8q   51   51  364 -110  155   67
3d2f  175  415  451 -167  147   69
3gl1   44  129  505 -156  150   58
2cg9  191  449  380  119   57  156
1qvr  153  433  366  101   67  -38
4b4t  169  439  151  108  165 -146
2cg9  112  129   12  113   75   97
2cg9  117  415  332 -155   81   39
4b4t  179   60   27   -3   39  102
3cf3  137  270  264  -91  108    7
3d2f   63  321  456 -113   97   31
3d2f   40  481  183   51   30  -78
3d2f  182   59  314  -20  151  -66
1bxn   13  323  425  177   46   86
3gl1   36  326  222  158  132  109
1qvr   61  236  431   34   13   53
3qm1   54  380   90 -101   86  133
3d2f  186  409  290   11   39  -39
1u6g   23  121  187   51  116  159
3gl1   79  348  399  -39   59   57
1u6g   14  215  221   64  106   90
1s3x  170  100   38  132   73 -144
1bxn   43   53  179  136  108  146
1u6g   77  132  432  119   62 -175
3h84   76  276   11 -174   42  -38
4b4t  115  294  255   60  116  177
1bxn   64  366  125  107  108  103
3qm1   84  280  131   15   73  161
3cf3   10  166  340  -40   99   -6
4d8q   32   94  509   -1  136   22
3qm1    7  286  434  170   28 -130
3cf3   10  381  124 -119   74   33
3qm1   19  505  230  118  172   83
3qm1   37   47  358 -105  132  135
3qm1   63  212  381  168   39 -155
1bxn   79  260  424 -175  167   -8
3h84   85  338  165  146   71  137
3qm1   31  146  325  134  119   -3
4d8q  142   61  105   15  127   -4
1s3x   45  495  130    2   91  -47
3gl1  108  187   89  143   72 -163
3h84   55  504  320   39  130  -17
1u6g   91    3  462 -130   69  115
3h84  131  300  463  168   93 -114
3gl1  104   63  138    2   50    0
1u6g   24  154  481  -16   95   63
1u6g   32  193   97   91   37   60
3h84  149  134  177   79  122   79
1bxn   14  271  185    7  159   68
4d8q  134  498  268   49   63  -69
3cf3  128  441   38   12   99  -38
4b4t   67  413   98  158   56  171
3qm1   35  329  375 -131  143  146
2cg9   84  477    7  -93  118  143
2cg9   49  327  349  -51   94   55
1qvr  184   44  380  131  109   18
4d8q   48  478    1 -172   51  -87
3cf3   98  383  465  123  128  159
3d2f   51  238  258 -123  158  -78
1u6g  188  483  332   96  171  124
4d8q   57  156  495 -111   86  111
3h84  116  156  103  -23  131 -148
3gl1  193  360   90  -93  121    5
1s3x  106  204   65  146  143   45
1qvr  139  350  132 -105   90   48
1s3x   16  238  263   66   95  -51
4b4t   39  424  153 -170   75   29
2cg9  160  221  382  -91  142  117
4d8q  112   31  483   97  120  123
4d8q  188  466   14  103   48  -58
1qvr   14  213  253 -154   71  107
4b4t   31  113  236   72  114 -108
4b4t  168  210  249  -34   66  129
1qvr  137  463  216  148   59    2
3h84   17  373  354 -159  103   51
1bxn   50  336   55   55   94   14
1bxn  157  509  204  165  113   64
3d2f  162  463  177 -135   59  176
3qm1   72   36  111 -177  118   72
3h84  182  282  115   -9   87 -146
3gl1   47  112  327   79   38   -6
3cf3  158  495  116  115  134   28
3h84  133   96  171   21   66  150
3h84  143  454  321  164   25  -25
4b4t  128  443  429  -30   42 -103
3cf3  125   14  428 -129   13  117
3d2f  100  111  265   -8  121  -92
3gl1   28  299  255   99   56  176
3gl1  183  180   65 -126  128 -119
3h84  169  263  327  -90  103 -149
1qvr   14  436  387  159   98   52
3h84  172  206  219  162   52  -73
1bxn  126  327   90 -137   90  -58
1bxn  157  206  110  126   87  127
4d8q   15  165    9  132   46 -113
3qm1  137  475  187 -139   65  143
3cf3   78  477  285 -146   93  -84
1bxn    7  228  384  122  111  -61
2cg9   34  471  478   29  123   99
1bxn    7  317  475  137  152  -97
3gl1   28   39  182  121  133   64
3cf3  117  392  177  134   59  -84
3qm1   98  367  399  -10   30   63
3cf3   84  412  478  -67  153  115
1bxn   86  136   59  -25   51   50
4b4t  183  294  164  -40   53  127
4d8q   31  502  157 -156   61 -145
1bxn  176  416  474 -119   79   39
3h84  105   51  319 -100   44 -162
1bxn   28  319  497 -104  143  100
2cg9  137  219  498   -2  116 -153
4d8q   84  363  429 -180  137  -29
3gl1    9  482   62 -158   51   45
1qvr   71  352  495 -107   41  -94
4b4t  162  381   44   44  129  124
3qm1    6  139  295 -120   73 -106
3gl1    7   53  414   26  134 -178
2cg9   64  502  115  137  124  157
4d8q   87  470   30  -90  153 -141
1qvr  105  177  507   31   75   25
4d8q   66  168  167 -101   48 -164
2cg9  106  433  159 -177   29   87
3d2f  182  501  365 -148  102   95
1qvr  136  385  405  158   76 -121
1u6g   45  272   73   83  108 -135
1u6g  143  280  467  -28  162  -92
1s3x   89   27  446   31   58 -137
2cg9   51  507   11  128  112   22
1s3x   38  247  175  148   46   17
3d2f   69  485  402   23   41   71
1u6g   94  379  297 -136  143   -5
3h84  136  290  500  105   39   54
3qm1  160  465  201   98   98  129
1bxn  166  411  214   56  133  -79
3cf3  164   85  317 -172  106 -105
1u6g   58  231  123 -111  108 -139
1u6g   33  138  486  -39   67   79
4b4t  158  198  296   52  105 -172
3cf3   93  296  442 -117   41  178
1s3x   16  103  162  104  105  107
3cf3  157   33  442  -44  140  -26
1qvr  130   77  231 -115   88  138
3qm1  152   79    1 -175  136  -87
1u6g   35  206  337 -104   16  -62
3d2f   41   28  369    6  118  -71
1qvr   51  493  277   74   87  -39
1s3x  171  341   62  -33   98  -50
1qvr   66  503  199 -124  140  104
1s3x   78  211  179  102  111 -107
1u6g   10  304  151  -68  134  -97
1bxn  123  257  455   45   49  -87
1s3x  188  434  285  -41   66  -53
3d2f  122   76  122   -0  137  167
3qm1   16  339  342 -169  117 -159
4b4t   98  438  114   50  134  103
3d2f  179  482  464  118   97  169
1u6g   31  122  324 -135   49 -138
2cg9  116  267   88 -179   84 -122
1qvr  112  455  142 -136   31   63
3d2f  132   17   15  174  108  -37
3qm1  104  232  453   31  142 -117
4b4t   63  109  241   -9  170 -166
1bxn  132  330  463  169   84 -130
1bxn   49  352  289  -51   94  -88
3qm1  163  464  437 -125   63   36
4d8q   72  318  389  -31   79 -135
3qm1   70  462  197  114   72  -31
3gl1  134  453  168  148   34 -168
1qvr  141  126  101  -49  146  151
1u6g    9  206  336  -85    9   81
1u6g  125  104  358  -17  156 -112
3gl1  140  115  261  132  116   49
3cf3   72  472  182 -109  102 -167
3qm1  189  503  192 -135  111   25
3h84  143  296    9   -4   79  -52
3d2f  169  191   28   18  113   45
4d8q   72  487  346   35  102  149
1u6g  110  125  130   73  142  -64
1bxn   26   95  492  174   37    5
1u6g  153   52  444   71   56    7
1qvr   25  489  280 -115   88 -140
3gl1   36  447  356 -151  104   70
1s3x  180  229  468   47   37  -55
3h84   15  220   52   27   85 -107
3d2f   26   52  447   91  159  127
2cg9  144  159  507   48  132   84
1s3x  162   75  131   90   62  143
3h84   10  476  316   82   74   48
3cf3   65   15  476  126   47 -147
3d2f  142  410  399   63   66  126
1qvr   83  344  293   32  124  -28
3d2f   88   33   83 -157  125 -174
3gl1  189  340  494 -133   70    7
3h84   59  406  260 -101   55 -145
4d8q   81  199  124  108  134   13
1qvr   58  310  134 -171  122  115
3h84  186  322  324  145  100  113
1qvr  103  467   70  -31  155 -171
3h84  159   14  434   19   47  -41
3cf3   14  279   43  141  106   37
4d8q   87   30  378 -161  154  112
1s3x  161  271  198  151  120  151
2cg9   69  425  428   32   88  102
4b4t   67  132  465   87   76  101
4d8q   34  197  222   26   62  142
3d2f  153  495  238   66  137   80
3cf3  168  143  359  144   22  114
4b4t  140  245  133  -73  151 -160
3qm1    8  328  162   22   79   62
1bxn   25  186    8 -118   55  172
1s3x  121  419  173 -107   55 -157
1bxn   12  350  189  -10   69  143
3gl1   49  399   26 -122    4  -51
4d8q   87  298  274  -30   36  -17
1bxn   50  172   64 -157   43  166
3d2f  111  458   13 -137  135 -143
1bxn   88  445  309 -160   95   38
4d8q  128  467  422  164   47  -69
1u6g  177  418   22  -99   94 -131
3cf3   24  169  309   56   64 -136
3cf3  108  185  401 -111   54  131
3gl1   77  335  216   18   65 -121
1bxn   52  132   75  128   91  115
3gl1   50  274   16 -140  144    2
3gl1   56  204  248  166  111  -84
3h84  108    2  229  125   60  -21
1qvr  157  353  424 -142  125   74
1bxn  122   16  127 -152  132 -109
1u6g   21  330  295 -168  125  -88
1bxn   13  181  255 -155   61 -108
1s3x   82  149  429 -151   81  -64
3gl1   76  482  361 -153  171 -122
4b4t  140  264  214   47   74    5
2cg9   87  159  340 -115   36  -87
2cg9   93   98   13  -91  130    5
1bxn   14  117  489 -132  160  115
3cf3   92  376  123  -28  126   57
3qm1   76  322   55 -159   88   37
3qm1   64  389  301 -173   93  -44
2cg9  170  304  193  -81   79   32
3qm1   64  313  254  175   45   44
4b4t  119  310  136  -12  108    4
1s3x  164  267  246   14   16  136
3gl1  192  182  441  172   46   54
3gl1  169  385  235  148  124  -94
1bxn   83   81  166 -148  126  137
1u6g  112  275   40   82   70  111
1bxn  165  215  408 -162  151   94
3d2f   37   59  474 -179   75   87
3d2f   28  486  223  148  123 -151
3d2f   17  198  114 -164   34  143
4d8q   97  152  288 -138   78   -9
4d8q   12   78  101   35   54   77
3cf3  160  244  254  -18   63   63
1u6g  170   96  284   93   28  -63
1bxn   63  106  167 -166  114  -67
3gl1  177  178  159   -4  131  -43
1s3x   94  325  184  -92  151  -52
1u6g   65   26   60   25   28 -127
3cf3   55  109  352  113  106  171
3cf3   57  389    1 -159   76  -14
1bxn   91  439  138   90   41   30
1s3x   23  324  252 -171  109  128
3d2f   20   83  323   91  122  105
2cg9   47  315  108  116  148  120
3cf3  175   67   53   23   40  142
1qvr   86  128  122   33   65 -160
1bxn  192  147  259  -19  175 -150
3cf3   99  356  136   63   86  171
1bxn  151   72  422 -121   96  -75
4b4t  172  444   81  179   78  114
1s3x   80  229  121  -91  132  178
3gl1  121  409  406   49  142 -135
1s3x  125  404  391   28   69 -120
1s3x   36  249  226    8  115  -23
3d2f   88  455  344   28   47   77
2cg9  132   61  250  134   87  131
3h84  110  358  500  146   90   82
3d2f   52  143  169   29   62  -77
3h84   32  311  458   73  136   85
1qvr   56  189  418   54   36  -87
3h84  174  259  408  138   20    9
2cg9  180  367  113 -149   65  -84
3qm1  127  457   97 -109   27  119
3h84   92  422  374 -172  111  127
1s3x   14  301  163  138   74  127
3h84  115  196  197 -109  134    8
4d8q  186  323   99  -47  139  -19
3gl1   10   87  348    3  118   -6
1qvr  160  439  123  168   57  -65
3qm1  178   94  115   24   46   61
3h84   15  484  499   67  159    5
1u6g   42  366   39    4   34   -2
3d2f   43  303   66 -149  117   38
3h84  122  353  158 -172  164  150
4d8q  150  181    3    5  144  156
3cf3  121  219  137  -87  140   92
4b4t  157  147  305 -105   96    8
3gl1   74   47  124 -101  104  -21
3h84  172  176   85   35  104 -106
1qvr  165  416  425   17   97  -28
1s3x  132  312  179   -8   91  101
1qvr   78  471  237  -97  103   84
1s3x   10  294    1   73   94  -40
1qvr  150   36  360   47   27   -1
2cg9  149   37   55   48   54   26
3cf3   69   47  180  169  160  -17
4d8q   14  466  108  -56  169   61
4d8q   92  306  127   39   42   16
3gl1  139  205  273  118  129    1
3d2f  130  292  204  130   84  -55
3gl1  130  431  190   88   57    4
1qvr   70  445  289  -71   59  107
3d2f   17   69  429 -165   50   19
3d2f  129  370   38 -111  107   59
1s3x   90  229  255  -85   92  -58
1qvr  145   24  290   16  104 -145
3h84   61   39  221  127   82 -123
3gl1   17  407  274   62   44   85
1qvr  117  119  226 -126  140   67
1u6g   54  225   27  127   72   43
4b4t   94  383  349  -16  117  177
2cg9   66  397  156   17   34   20
1u6g   50  279  352  107  106 -136
3qm1   65  380   60   -1   72   86
1bxn  152  260   97   27   73  122
2cg9   27  438  129  173   19   61
1s3x  193  415   82   83  168  -86
3qm1   53  447  204   24   69 -168
1u6g  172  467  139    1   82   52
2cg9   17  156  230  -60  115  -77
1bxn  166  166  439   47   90 -124
1s3x  143  232  210   67   53   45
4d8q   81  102  451  -70  131  180
1u6g  141   72  140  157   53 -166
4b4t   58  277  140   42  126   89
1u6g   39   80  302  122   62  -32
1s3x   26   47  507 -103   85 -101
2cg9   47   73  115  140  138 -176
1u6g   43  348  435  -89   19   83
1s3x   66  387  475   62  148   64
3gl1  108  502  464  -12  175  -21
3qm1   85  453  209 -158   22  -31
3d2f   88  263  329   61   97  -61
1bxn  191  296   54  121   91  -37
3h84   67   29  343 -152  136 -158
3d2f   34  471  117 -160  119  -50
2cg9   50  467   53 -117  134   93
2cg9   56  401  129  126   47    1
1bxn   11  139  123   73  165 -140
3cf3   10   54  331  106   24 -139
1bxn   56  324   37 -149   98  -51
3qm1  111  298  188  174   75  114
1qvr   98  487  142   60   52   -3
3h84   59  463  400  -81   83 -109
4b4t  102  351  338   93   56   48
1s3x  146  397  282  -40   80  -35
3d2f  168  285  483 -130   29  -83
2cg9  131  113  503  -68  147 -106
3qm1   56  355   61 -159   57  138
3h84  164  357  472   98    7  125
4b4t   78  184  210  -37  125  129
1s3x  186  222  185   -1   61  130
4b4t  109  161   19   72  101 -130
1qvr   39  306  230  -61   48   52
4b4t  137  266  392 -135   96    0
4b4t   19  179  484  105  109   58
3d2f  110  180  382  176  135 -138
3d2f  118  157  211 -125   74  -29
4d8q   86   41  346  146  108   91
1bxn  172  499  183 -142  144   55
3gl1   92  218   76  -56   44  166
1bxn   72   29  494  134   38  136
4d8q   61   54   80  -27  158 -151
1s3x   28  459  177  149  172   -8
1bxn    8   96  122  -37   83 -172
1s3x   77   82  299  153  145  135
1u6g   28  458  276   58  142   31
4d8q   51  235  379  -60   54 -178
2cg9  171  506  317   24   73  166
3qm1    8  126  511   70  155   -8
3d2f   22  302  482  112  148   89
3h84  163   32  422 -114   46  -80
3h84   15   39  172  107  117   -5
3cf3   70   30  441    5   86   94
1s3x   81  127  176  151  154  -32
1s3x   52  443  323  -80  156 -148
4b4t   46   54  300 -149   92    2
3qm1  136  368  508   71   41  108
1u6g   97  139  345   26  131 -148
3gl1  114   98  130  171  116  -56
3gl1   81  372  377 -160   88   36
1bxn  185  397  350 -133   96  178
1qvr   69  313  503    5  162  106
2cg9   93  396  484  -10   56  -30
1s3x  109   33  415   34   68 -174
3qm1   11   15  425  173   34   36
4b4t   22  434  458  143  158  -55
4d8q   85  375  501  136   39  155
1u6g  146  252  191   91   21   98
1u6g  106  338  484 -139    6  137
1qvr  179  415  233  149   68  139
4b4t  142  160  210   71  126 -109
3cf3  174   65  408 -114   90   92
1bxn  113  123  473   79   96  -81
3qm1   72  284   48    3   77   85
1qvr  162  224  176   99  147  139
4d8q  131   79  427 -107  104  120
4b4t   43  428  390   49  115  -29
1bxn   87   27   99   63   51   15
2cg9   26   43  397   37   92   59
1qvr  152  122   37  138  100  -74
1s3x   52  489  381   17   58 -124
3cf3  101  463  450  -43  148   25
1qvr   21  166  206  168   55  -47
3qm1   51  307  420   76  119   76
1s3x  115   75  451  166   82  -75
4b4t   93  198  329  -31   78  -74
1qvr  157  406  184  -60   88  -91
3cf3  110  302  323   10   29  152
3gl1  167  397  221   52  112   31
2cg9   98   62  434  -24  123   64
1s3x  138   21  194 -151   49  178
4b4t   19  290  309  -96  135   24
2cg9  134  335  501   39   46  -11
1u6g   30  199  176  -92  156   31
4b4t   52  398  406   -4  164 -145
3d2f  103  476  384  159  147  -86
3cf3  188  126  313  -84   74   89
1s3x  102  322  101   40   92  152
1qvr  179   38  452   74   82   19
4d8q   19  240   50  -78   21  -13
1u6g   86  193  351  154  125  -21
3d2f   56  227  102   -1   35 -127
1qvr   15  376  492  167   35  175
1s3x   87  384   50   47   82   22
1bxn   80   97  433  -61  103  -21
4b4t  103  116  337 -114  101  -38
3gl1   66  431  128 -169  138    1
4b4t   18  477  155   36   95  103
3gl1  153  263  484   92   83   66
1u6g  149  490  388 -160  114  -96
3cf3  185  493  504 -112   83    5
1qvr   91  321  506 -179   21   59
2cg9   60   87  184 -140  109 -147
4d8q   47  490  222  -95   82   -9
4d8q   89  101   88   85   84  105
1s3x   62  297    4   43   42 -131
3h84   47  413   71 -134  111   67
1bxn  138  162  140   73   99 -120
3h84   76  397  263 -137  152  161
4d8q  126  207   79   69  129 -136
3h84  153   87  273  -81   81  145
3d2f  133  262   83  -19   50 -120
1u6g  144  365  278  -57  103    7
3d2f   61   15  185   27   98  151
3cf3   89  192  390  -54    9  -91
3cf3   65  197   81   44   68  -61
2cg9   56  275  187  -87   48   78
3cf3   18  252  386   -9  116   58
3d2f   66   64  231 -168   53   -2
3cf3   57   81  254  -37   70  156
1s3x  133  490   64  -19  131  -52
3qm1   67   72   17  -47   99 -125
1qvr  146   80  391   28  104   78
3cf3   31  453   61   77   65  143
4b4t   24  309  102  -43   60 -114
1u6g   66  287  204  117  149 -169
3gl1   52  306    7 -101  136  163
3h84  127  372  311  -26  161  -74
1u6g  116   30  358  -70   99 -130
4d8q  161  456  406  146   58   -7
2cg9  153   54  187   13   27  -27
4d8q  116  378  440  137   62 -119
2cg9  167  362  350  -39   49 -179
3qm1  156  479  146 -105   93   22
3qm1  145  470  331   79   85 -156
3gl1  183  286  186  -10   64  121
1s3x  175  165  429  150  105  -88
4b4t   95  224  141  -90  116 -106
4b4t  127  392  256  -87   46  101
3gl1   22  411  450 -123   43   22
4b4t  117  251    4  -96  118  -84
3cf3   68  220  464  122    9 -115
3qm1  106  420  259   70  120  111
3h84  114  247  112  -32  139  105
1qvr  147  151  112  -69  127  167
4b4t  150  171  408 -178   38  -10
3qm1  104  506  219    8  105  112
2cg9   13  320  359  171   83   63
1bxn  133  160   69   76   55 -135
1bxn   77  170  403  -33   59  167
4d8q   59  412  361  -50   91   18
3h84  156  424  483  -78   86 -173
1bxn  141  256   46  129  102   47
1bxn  105  398   52   24  152 -128
3qm1  185  194   37   44   46   95
3h84  119  470  200  130   91 -139
1u6g   67  255  100  -60   66   77
2cg9   90   53  322   38   72  134
1u6g  131  310  502 -179   70   53
3gl1   14   41  236  172  126  160
4d8q  129  308  163  -10   37   30
1bxn   18  253  485  127   69  -95
3cf3   16  453  368 -137   53  -23
3h84   70  377   37  167   18   64
3h84  101  402  408 -158   66   57
1qvr  170  211  136  -98  154  125
4b4t   45  144   25  -74   67 -122
1qvr   24  224  325  -99   55  104
2cg9  156  496  335  -83  158   25
3qm1  188  128  446 -152  118 -155
3d2f  166  110  120  -75   85 -170
3cf3  149  360  155  174   93  -58
2cg9  144  191  119   10   97  -18
4d8q  138  350  390 -100  105  150
3qm1   56  390  199   16  111  147
1qvr  152  100  441   54   79  152
4b4t  178  353  374 -148   33  156
1qvr  128  229  418  -51  116 -137
4d8q   98   42  443 -159  141   65
1qvr   39  203  315  -67   38  -63
3d2f   35   48  426  -63  145   72
1qvr  178  341  321  -54  115    7
3d2f  157  250   14  -38   49  -75
1bxn   79   85    3  125   82  175
1bxn  184  278  334   69   88  -73
1u6g   29  148   47 -156   67   96
2cg9   19  240  491 -117   99  -18
3h84  128  186   74  -59  159   55
1bxn  132  477  374   72  118   23
3cf3   32  219  226   65   98   22
1qvr  156  383  345  -83  148  142
3d2f  128   25  266  -45   99   40
4b4t  116    3  205  -77  165  -74
3qm1   77  361  292 -130   66  -35
4d8q   40  233   45 -145  131   50
3h84  117  206  489 -160   81  157
4d8q  180   71  373  -63   62 -127
3qm1  186   16  166   71  116 -132
1bxn   11  462  451  -63   56 -154
1u6g   31  255  349   49  132   77
3h84   89  242  266   82   33  114
2cg9   75  142   75  132   58   48
3h84   92  390  251  -30   56   46
1qvr   46  345  471   83  110  172
1u6g   18  222  287 -119  149   29
1qvr   64  317  103 -155  118  117
1u6g   62  342  177  113  104   33
3d2f  172  486  431 -174   50  -46
1bxn   50  355   20  -77  131   48
1u6g  134  440  137 -110  134 -170
3qm1  119  143  135  135   97 -124
2cg9  182   34  411   28  130  -22
1bxn  144   11  328  115  133  -61
2cg9  138  492  300  143   58 -153
1bxn  128   36  449   51  101    2
4d8q   97  143  430  137   48 -113
3d2f  163  505  498   67   66 -163
3d2f   77   69  311  -73   61 -173
3h84   35    5  311   61  132  112
3cf3   94  241  185  -84   69  176
2cg9   82  355  374 -103  139  -40
4b4t   38  493  481  -21   66   84
3d2f  179  381  199 -139   37  -80
1s3x  164  244  108  -62  105  177
1u6g  185  289  320  127   28 -114
1bxn   34  398  192   45   79   98
1s3x  154  473  267 -163   80  128
3qm1   29  501  304    0  139  171
3gl1   87  442  193   61  133  -29
4d8q   90  480  107  -21   83  114
3d2f    9   31  466   11   69  -82
3h84  126  135  366 -106  113   55
3gl1  107  304  494 -152   53  132
2cg9   43   19  215 -112   58  110
2cg9  187   61  278  138   63 -129
3qm1  178  496   51  -73   69 -167
3qm1  187  175  348   42   95  -84
2cg9  177  264  445  -61  104  158
4d8q   87  324  281  -48   83    5
3h84   85   44  278  -12   96   66
4d8q   13  337  478 -114    8 -154
3h84  177  366  326  -82   33  -91
3qm1   14   90  293  109  104  -64
3gl1   40  165   84  156   42  -48
3gl1  160  211  502  -91   92 -145
3h84   61   28  315  109   53  158
3cf3  189    3  395  -62   72  145
1u6g  103   90  349  -17  132   78
1u6g   14  288  232  136  116  -40
3h84   15  176  405  -28   27  126
1qvr   12  423  208  176   36 -102
3cf3   10  173  240  -37  113 -160
1s3x   14  220  495  -61  170  -92
3h84   87  431    1  101  113  -61
1qvr  126   53  174   -8   98  121
1bxn   50  154  259 -103  137   30
1bxn  136  377  458  120   61  173
3d2f   21  188  345  168  153  -92
1bxn  183  139  502    5  120 -173
4d8q  108  240   30  168  138    2
1qvr   72  452  455 -156   62   91
1s3x   11  317    9  -75   71  -70
4d8q  146  311  395   79   67   66
3h84  190   76  479 -178   48 -155
3gl1   62   10   26  157  113 -134
3qm1  172  322  101  -77   91  -24
3d2f   38  170  104    6  107   68
2cg9   41  131  464   13  116  136
3cf3  120  510  502 -168  117  161
3qm1  154  250  417   43   75 -109
4b4t   29  137  289  158   87  -13
1qvr   69  235  193   84  160    3
3d2f  113   80    5   65   59 -160
3gl1   50  357  132  160  100  -30
2cg9   96   78  449  122   98  -44
2cg9   82  132  406  -35  128  153
1qvr   26  491  259 -125   25 -125
3gl1   83   10   24  114   87  144
3h84   49   32  461  179   74  167
3qm1   92  223   33  160  104  149
1u6g   62  452  479   53   42  128
4b4t  140  331  217  -19  122  139
1u6g  120   67   40  148  121  178
3cf3   28  409  252   80  122 -117
4d8q   50   87  471 -157   46  152
3h84  190  314  472 -115   45  121
1s3x  187  234  459 -112  156 -132
1s3x  187   50  476 -140  131   91
4b4t   94  184  280   32  104 -144
1s3x  176  229  134  167   83   74
4b4t  149  133  386  -14   76  -32
1s3x  188  504  181  -72   87 -179
1s3x  173  196  372 -128   82   80
3h84  181  166  388  -36   66  -91
1bxn  180  287  306   36   20  102
3gl1   76  406  298  105   64   -6
4d8q   10   93  405  -57   22   89
3qm1  129  460  181 -170   30  -55
1s3x   49  113  143 -175   80  -54
1u6g   33  132   69  175  113    9
3gl1  154   39  407  -34   90   33
3h84  152  240  341  -43   48 -124
1u6g  168   27  480   41   94 -113
3h84  146  288  222 -126  128 -160
4d8q  154   23  124  -47   46   44
3h84  166  324   86  -91  123 -166
2cg9   92  147  410   50  140   10
1s3x  125  448  354  141   60  -96
4d8q  171  434  507  131   75  128
3gl1   95  371  410  128  103   15
1bxn  127  410  312  146   48 -105
2cg9  166  250  235 -123   32  -76
1qvr   94  496  202  -65   50   -0
1s3x  151  459  138   82  150  176
1bxn   49  457  447   46  101   22
3qm1  185  244  349   10  105   81
1s3x  139  507  232  163   34   16
3cf3   40   26  237  167  116  145
1qvr   82  454  394  -62  127   32
4b4t   16  101   76 -148   66 -114
1s3x  151  179   19  -64  136   36
3qm1  148   31    7  -21   68  -38
3gl1  164  251  424  -22   97   68
3cf3  131  376   94 -140   35   -4
1s3x  159  127  433   -7   11 -136
1u6g   89  295  366  130   13  -26
4d8q  108  151   77   47  113 -107
3cf3   39   96   29  -87   99   71
4b4t   72  488  509   88  108 -109
4d8q  113   57   18   76   31  132
4b4t  170   63  213  -81   76   22
3qm1  136  409   30  -82   29 -104
3gl1   70  356  188  -60  113  132
3qm1   97  120  418  -67  107 -124
2cg9  150  448  263 -166   70  162
3h84   11   12  474  144  132  -87
3qm1  140  171  486   -5  113  -85
4d8q  160  372  115  -83   45  125
3h84   56  493  364   31  120   19
1qvr  128  204  394 -160   70  -58
3qm1  179  424  323 -179   94 -152
3qm1  100   34  429 -167    3  -93
3qm1  115  102   35    3   23  113
3cf3  115   89  318  159  142  -42
3d2f  155  178  501  -10   36   21
1bxn   72  339  379   62   66 -116
1qvr   64  212  196   -1  157  156
3qm1   47  290  493 -127   90  -40
3gl1  108  153  336 -172  106  133
3cf3  189  474  190   20   52   -8
3h84   95  381  183  159  105 -164
3d2f  138  498  459 -153  127   28
2cg9  120  491   70   78  106  119
3d2f   44   89   76   -3   56 -174
4b4t   16  237  461  146  110  -76
3h84   94  310  105 -146   60    8
1bxn  119  200   21   35  124  175
3cf3   93  263  348   52   26 -125
3cf3  119  294  416  114   55  142
2cg9   13    4    2  -28  134 -105
3qm1  108  438   44  135   49   56
4b4t  100   61   73  -92   65 -112
3qm1  111  236  430  -70   73   78
3h84  134  169  366 -173   72  154
3d2f  114  424  210 -161  106  -78
3d2f  178  228  217 -143   36 -158
1s3x  194  439  414  -84  150  121
3d2f   80   58  494  -69   55  -46
2cg9  162  161  130  -99  132  -80
3d2f  127    1  257   83   99  150
3gl1   60   71  487 -162  145   82
3h84  184  399  465  -18   59  117
1u6g   36  436   77  173   55 -129
1qvr   12  173  117  150   85 -100
1u6g  162  321  193   92   66  117
3gl1   54  329  393   56  113   95
1qvr   18   67   46   56  104 -159
3qm1  124  291   30 -133  103   16
3d2f   88  370  313 -178  119   36
1u6g   15  414  230  -84   67  160
1u6g   63  327  182  -97   79   51
3d2f  106  402  388 -138  142   27
3cf3  125   60  319  142  132  -13
1u6g  181  306  228 -100  119  -76
1qvr   23  498  338  -87  133  121
3qm1  191  496  116 -167   45   71
3cf3  129  132  289  -53   76   78
3h84  167  320   46  -44   82   63
3gl1  145  239  425 -110   66 -141
3gl1   23  148  416   77  168  149
1u6g   78  152  271  -69   31  127
3d2f  105  166  165  -86   57  -42
3h84  135   15  490  -94  174   17
4b4t   92  271  187   21  126  -67
3h84  185  268  249  102   98 -141
1u6g   17  431  101   35  106  107
3h84   42  216  160   93   88 -101
1u6g   87   92   28  -20  137  124
3qm1  144  313  127   13   89  154
3qm1   15  289  158   38   81  179
4b4t   31  360  100 -112  157  -27
3gl1  141  233  287   89   59  -79
3gl1   76  399  287  179  161  113
3d2f   18  310  333  -26   96 -144
3qm1  193  153  449   37  113  165
3gl1  124  226  357  -79  108  147
1qvr  138  171  444  100   25  -10
1s3x    8  158  138  121   14  -22
3gl1  121  311  488  180   10 -111
1s3x   33  500   54 -115   31  -41
3d2f  188  137  462  150  100  132
4d8q  121  287  481   32   88  122
1qvr   62  310  207  144   69  -18
1qvr  178    3  188   73  129  -25
4d8q  109  401  505   42   37  -92
1qvr   27  348  309  -60  113  166
1bxn   69  225  142  171  116  -63
3qm1  109  399  154  142   80  126
1u6g  101  227  239  134   46 -106
1qvr  178  313  371   98  156 -114
1s3x  104  304  305   62  142   59
1u6g  133  174  313  -60  136   23
3h84  104  397   35 -144   25  -65
4d8q  182  477  390  -80  132  -68
3d2f  131  140  479   35   81  -74
3gl1   53  352  506  158   73   -5
3gl1  147  410  140    9   57   10
2cg9   91  460  174   57   63  109
4b4t   84  143  230   92   55   20
4d8q  112   83  505 -179   35   64
4d8q  107  431   16  -75  110   40
1qvr   28   73  496  -52  111  135
3cf3   47   44  203 -122   12  144
3qm1  116   12  459  147  107  -90
2cg9  101  155  140  120   50  116
3cf3  119  105   66  101  139   90
3cf3  182  353  464   28  103  -60
2cg9   52  316  397  119   87  139
3gl1   21  359  346  103   45  141
3cf3   23  285  456 -105   84  121
3qm1   64   88  236  100   43  -90
1s3x   73  439  319  134   65  -69
3d2f  145  477   93  -52   11   30
1bxn  189  270   38 -166   37 -153
3cf3  164  444  472  104   30  -36
3cf3  110  229  510  -28  126   62
1bxn   65  240   29   62   25   -7
1s3x   98  108  142  -79  129   47
3cf3  143  113  282   34  124  107
3qm1  136  200  317   65   78   43
3d2f   43  354  253  -36   90   76
3h84  185  508  259  -71  111  -24
1u6g  175  289   92   92  129 -104
3d2f   47  436  503 -138  102 -105
2cg9    8  370  401  -70   58   40
1qvr  183  218   10  151   59  -87
1qvr   29    2  468  157   47   39
3cf3   39   21   32  120  107 -177
1bxn   12  368   38   10   15  118
3h84   49  109  159 -107   64   10
3d2f  114  165  423  -58   86  121
3qm1   86  269  165 -152   92 -104
3gl1   85   22  147 -178   33  164
3d2f  166  284  209   21   58 -118
1s3x  183  377  359    2   97  -76
3d2f   57  406  441  -34  139 -140
2cg9   11  259  239 -122  134 -150
1s3x   17  453  465  -69  113  159
4b4t   61  285  306   -4   52    0
1s3x   12  267  423  100  115    2
3gl1  184  127  360   74   52  -50
3qm1  184  215  205   28   95 -179
2cg9   52  470  149 -139   93 -167
1bxn   89  173   60  121   86 -169
3gl1  110   92  446 -155   81  106
3qm1   25  459  328  -50  104   88
1u6g  114  390  292   98  106   -1
3h84   27   73  251  131  132   74
3cf3   52  417  335  -37  128  121
3cf3  181  412  171   20  144  102
3cf3  123  238  222   27   48   95
3cf3  141   35  200  131   34  168
1s3x   36  369  180  -24   87 -120
4d8q  137  327  416   78   56  -84
4d8q  139  246  167   -1  149  179
1s3x  116   29  147  -56   38   47
3h84   82   30  254  -16   83  155
1qvr  118  269  503   83   34  -56
1s3x  179  379  118  -55   21  164
1bxn   61  120  329  176  112  -39
4d8q  111   53  376 -145   53 -179
3h84  125  256  432  136  118 -130
1qvr   94  118  363 -103  138   31
3cf3  156  160   21 -145  139  -29
3h84   65  256  184   -1   60 -138
1u6g   57  339   80  -66   76  131
3gl1    8   55  224  115   48   -0
3cf3   93  111  308   82   56   37
3cf3   28  502  510 -151   89   -5
3h84   86   16   76   97   61   70
1u6g  182  509  205  144   65 -108
3d2f   41  250  397   47   82   82
1u6g   84  186  303 -111   92   69
3h84  128  113  176  104   81  -15
3gl1   64   61  192  170   32  -42
3d2f  148   86   80 -132  113 -175
1bxn   79  110  284  -50  109   31
1bxn  100  188  105  -50   57 -174
3h84   33  360  201 -164   82 -114
1s3x  163  491  463  144   43   41
3d2f  149  324  452  138   89  145
4d8q  107  379  143  -36   22 -145
3d2f  179  150  279   93  127 -103
3cf3  121   75  280 -119   38  -15
2cg9  168  321  315 -120  165  -32
4b4t   57  200   32  -53   78  143
1s3x  187  252  475  -10   70  -80
3h84  139  461   47  125  131  -58
2cg9  114   89  431   87   81  -37
1u6g   45  257  493   74   85   26
3gl1   41  166  460   98  114 -115
4d8q  163   72  115   66  118  144
1qvr  134  337   18 -143  114   49
3d2f  113  155  229  -90   38  -28
1bxn   97  412  189   26   94  160
1u6g   56  233  358 -161   26 -114
1qvr  103  510  100 -174   22  -12
3h84   43  309  493  119  135  -98
3qm1   77  122   82  -62   48    0
3cf3   12  110  267  127   84 -116
1bxn   38   11  271  -61    5    2
1s3x    7  460  484   64   83 -122
3cf3  176  308  133   45  145   -7
1qvr   50  505  388  105  123  -77
3gl1  137  369  127   61   97 -168
1s3x   11  368  175   78   80  -61
3gl1   26  254  196   56  104  -54
3h84   11  385  372 -126   53  -33
3gl1   69  303  152  -32   62 -137
3gl1  106  241  263  -94   95  -54
1s3x  180  107  198   74   11 -103
1u6g  127  180  503 -162  106   78
2cg9  151  101  384  107   74   35
3gl1  169  485  445   11   32  -32
3cf3   86  252  234   22   69  154
1qvr  133  307  323 -111   20   55
2cg9  102   75  337 -106  107   84
3d2f  124  100  446    7   74  129
3cf3   69   91  335   35   92   93
1s3x  107  443  380  -63   99  -89
3h84   95  501  444 -170  129  178
1s3x  133  309  112 -117  148 -107
3qm1  127  360  485 -125  121  -45
3h84   92  272  397  147   81  128
3cf3  178  159  481 -167  132 -166
3qm1   44  464  408   66  108   80
3d2f   92   11  328  -51  135  155
3h84   20  405  497  129   11  -32
2cg9  107  114  509  150  133   36
1u6g   90   55  416   43   66   74
3cf3   96  410  169   68   98 -144
2cg9  189  139   62 -120  131 -146
3cf3   54  490  341  163  115  148
2cg9  126  219  206  -16  145  -86
1s3x  110  324  210  122  152  123
1qvr  184  165  209   70   61   43
3h84  133  192  242  -23   74   85
4d8q  182  506  139   90  152 -108
3cf3  173   34   37  -61  124  165
4b4t   63  177  268 -153  143  -70
1qvr  172  345  166  -99   34 -154
2cg9   22   35  108 -125  119  -45
4b4t  179  466  244  108   32   53
3gl1   63    3  206    4  109 -100
4d8q   66  414  156   22   68   38
2cg9  152  222  361  -86  116   -7
4b4t   86  231  289   78   26  -18
3cf3  185  416  111 -134   69  138
1qvr  123  131   29 -129   71   38
4b4t  100  337  453  -37   18  139
4d8q   13  271   90 -105  127  128
1u6g   57  505  427 -120   45  114
4b4t   82  193  151   -4  100 -174
3cf3  149  410  381 -138  111  -99
3h84  182  262  184   36   74 -163
3cf3  121  405   50  143   22  147
1s3x  189  415  253  -12  141   11
1u6g  114  379  474  -18   87 -130
3qm1   15  318  222  105  143   80
4d8q   19  472  373  180   23 -141
1qvr  139  103  207  153   74  -15
1s3x  147  327  394  133  124  -30
3qm1  165  134  210  -73   66 -131
3cf3   71   63  442  -51   68   99
4b4t   20   61  135   52   97  -99
3d2f  187  137   39   81  168   83
1u6g   93  499   58  -89   69   91
2cg9  187  252  309  -60  137   60
3cf3  123  360  415   59   40    2
3d2f   73  189  455  168  142  113
3h84   58  334  227  150   72   -5
1bxn   89  391  434 -153   66   78
3qm1   35  124   57  105   39  -18
4d8q   71  132  385  -61  142  -54
4d8q  131  494  319 -105   81  -58
1bxn  151  359   22  120  107   26
1u6g   18  399  191 -105  104  132
3h84  190   89  179    1  126  -36
2cg9  158   69  504  169  130    2
1qvr   15  469   83    9  152   31
1qvr  172  412  142   66   86  178
1u6g  191  291  200   39  124   -7
1s3x  118  489  231  151  102   -4
3cf3   60   86   53   88   22  -48
1bxn   67  203  321  164  173   16
3gl1  119  469  326  166   93  -51
1s3x  161  193  505 -174   56  123
1s3x  162  278  266   -5   76  130
1qvr   11  290  416  135   31  178
3qm1  126  479  100   66   24  -75
1u6g   62    9  310 -171  112  163
4b4t  140  467  288  -68   13   99
3h84   90  445  290 -119  105  -83
2cg9  100  205  372  131  141   70
4b4t   21  146  177  -52  136  164
1qvr   18  425  185  -87   40  -97
1qvr  183  172  300 -104   16 -138
2cg9   64  173   71   27   28  -41
1bxn  147   89   20  114   84  -80
1u6g   91  128  154  -16   78  -56
3cf3   75  102  110   87   62  -95
1qvr  141  141  421  147  126 -104
3gl1   12  393  296   68   99  -68
1u6g   16  144  266 -119   84  102
3gl1  126  106  399 -111  148  127
1qvr   68  340  467  -84  117  -85
4d8q   83  498   38   25   73   -6
3h84  116  121  204  -81   21 -133
1bxn   82  101  189  -52  161 -141
1qvr   29  318    2  138  123  123
1s3x  136  408  460  -31  126   55
3gl1  168  307  108  -99   51  133
3gl1   98    7  101   38   72 -180
3gl1   69  303   20 -155   42   86
3d2f   34   49  227 -131   35 -151
3gl1  184  121  485  -81   38  -52
2cg9  164  219  198  -44   87   72
1s3x  116  162  256  133  161 -142
3qm1  111  216   99  -14  120   25
3d2f   98   65  281   16   70   -6
1bxn  162  191  187   71   63   47
3cf3  130  278   13 -116  135  152
1u6g  135  414  274  126  113   20
3d2f  189  210  377  110   19 -100
3qm1   28  356  437   -0  142  124
2cg9   25  118  173 -174   13   68
4d8q  186  434  308 -122   83    3
3cf3  111  378  385   24   92  149
1qvr   18  135  210  -13   96  179
1qvr   53  356  367  156   45  168
1u6g  182  233  243  -69  151  129
4d8q   16   60  472   38   59  -36
1qvr   15  450  202 -100  121  -44
1u6g   78  410  130  -99  107  -29
1bxn  191  449  504 -143   72  133
3d2f   84  238   23    9   49  154
1u6g  191   66  510  107   26  119
3gl1   96  108  444 -112  100   53
3gl1   34   70  425  -98   38   58
2cg9   84  494  178  130   43  124
1s3x   63  344  274  -73   66 -177
1u6g   74   10  366  -53   57   98
3d2f   15  497   46   -2   65 -173
3qm1  164  141  104  -56   50   75
1qvr  154  272  149   48  105  -86
4d8q  144  115  412  148  121   29
3cf3  156  342   74  -46  127   22
3h84   79  347   30  136   81   56
4d8q  102  349  313 -134  136  172
1s3x  193  472   84  -12   92 -148
3h84  126  108  116   10   36 -178
1u6g  118   30   62  121   65  133
3qm1  145  109  349  107  133 -140
2cg9  130  132   79   81  109   42
3d2f  158  428  219  132   78 -143
3gl1   17  222   67  152   91   56
1bxn   34  235  191  130  151  107
3qm1   67  447  190   82  107  -25
3gl1  164  122   15   11   90  -86
3d2f  148  474  119  -34  106  -67
3gl1   48   80  487 -159   96    8
3cf3  120  272  108   57  154   60
3qm1  193  432  376  -11   69  165
3cf3   88  276  101   50   77   78
3qm1   80  451  263   44  139  -75
3cf3   13  204  287 -133  129  163
3qm1   46  363  433 -143   59   82
1u6g   32  319  147  -47  116   49
4d8q  135   45  402 -106   63 -131
3h84  145  135   19  -24   95  -24
1u6g  110  340  100   29  121  148
4d8q  150  194  137 -116   71   80
4b4t  137   53  481  -57   82  150
1bxn   66  320  151   34  133 -147
3h84   77  325  431  -40   56  -93
4d8q   67  397  228   10  126 -153
2cg9  128  150  164   63  111   72
2cg9  180   64  355  -73  107 -162
4d8q   92  376  229  -41   40   88
1bxn   55  155  326 -167  140   37
4d8q  179  457  217 -173   51    5
4d8q  129  108  135 -154  157    4
1bxn   11  362  204   80   70   34
3cf3   31  106  308   60   61  141
4d8q   65  259  450  117   65  150
3qm1  100  462  479   79  139   60
3qm1   20   11  306   66   45   97
3qm1   16  396  127 -125   11   43
4d8q  157  385  390  161  120 -177
3cf3  185  440   41  -75   99  -63
1bxn  143  331   91 -106  111 -170
3gl1   59  364  437   78  100   50
3d2f  147  369  301  177  112    6
3qm1  101  416  314  -68   91  -99
4d8q  143  212  230   36  156  -16
3qm1  159   21   16   27  141   13
1qvr  102  174  237   -7   65  -68
3d2f  176  191  132 -125  111   88
2cg9   84  215  376   98   90  100
3h84   95  300  394 -121   96 -174
3cf3  127  357  204  -22   97 -134
3h84   53   91   12  -83   97  -16
1u6g  131  392    3  -21   50   83
1u6g   48   12  342   74  127 -135
1s3x  159  244  311   26   43  -47
4d8q   39  445  226  118   87 -130
1bxn  135   49    7 -169   43 -140
1u6g  141  251    8  -85   92  108
1s3x  186  192  307   -2  137 -130
3cf3  185  268  425  167   28   65
1u6g  187  248  391 -110   22   64
1bxn   80   85  399 -107   88   22
1s3x   52  373  283  107  148 -146
1s3x  122  177  254  -55  128   69
3h84   30  352  328 -153   73  161
1qvr  186  295   24  156  116  158
3cf3  118   26  290  178   91 -177
2cg9  174  257  501   67  106   39
2cg9   85  169   74  -92  107 -104
1bxn   87  388  374   31  114  -50
1s3x  100  353  287   13   28  125
1bxn   77  103  162 -126   72  154
1s3x   36   30  119   24  117  142
1bxn  154   33  339 -104   62  106
3cf3   46  472  340 -167   81  177
1s3x  157  225  427  154  130 -135
3gl1  153  328  418  140  143  148
1bxn  145  278  417   -2   25   -6
1qvr  158  117  476   -9  108 -145
1s3x  191  414   28   83   40    0
2cg9   92   41   42  -24  102   62
3gl1  146   56  121  130  103  147
3d2f   64  144  188   48   30   29
1bxn   13  312   24  159  121   42
4d8q  189  393   16   61  107  109
1qvr  126  496  437   99  162    6
3gl1  192  168  227   40   86 -166
1bxn   47  281  238  132  104   13
3gl1    9  488  287 -133   72  -65
1u6g  158   10   72  -99  128   42
1u6g  178  388  152   72  137  -99
4d8q  186  128  293  158   69    1
1u6g   65  158  206  -69   65   74
1s3x   43   36  491 -163   87 -152
1s3x   14  477  262  -13  148  149
1u6g  111  304  103  -41  160 -150
4d8q  181  143  228   75   89   -8
1s3x   88  482  126   55   27 -170
2cg9   13  292  280  -43  120  -93
1s3x  114  206  132   48  128 -148
1qvr   72  403   70  -61   78  -12
3cf3   98  246  322  124   44 -137
1bxn   35  232  385  172  174  -42
2cg9  173  273  304  172   72  140
3cf3   57  487  298  -26   33 -178
3cf3  149  483  429  140  154 -129
2cg9  108   49  139   24   26   49
3cf3   10  233  410    4   42   19
4b4t  131  382  215  -13  111  164
1bxn   93  356  182  -17  160  165
1s3x   90   74  350   31  129 -114
3h84   89   54  211 -133  121 -106
3cf3   12   42   23  -44   64  118
2cg9  155  444  384   -9   78    1
1s3x  189   19  282  174  147  -18
3h84   74  349  345 -128  174  130
3gl1   60  247  327 -166   67  137
1bxn   60   27  363   93   87  -48
3gl1  166  410  352 -118   94 -129
4d8q  116  282  285   49  106   39
1bxn  106   11  128  132   94  -52
4b4t   74  214  228  153   52 -171
1qvr  184  400  372  113   44   18
3d2f  130  324  240 -111   18   15
3h84   56  115  187  127  123  115
3d2f  189  374  475  110   75   36
4d8q  162  400  491  151   68   96
4d8q   64  239  463  159   51   51
3d2f  134   83  254   19   93 -151
1bxn  165  269   18  126  159  -69
3cf3  116  291  388 -171   25  -68
3h84  170  220  364  137  124   82
1s3x   88  258  148  -33   27 -170
3d2f  113  358  373  152  101  162
1u6g   10  132  352 -109   54 -111
4d8q  149  132  269  -79  147  -52
3cf3   24  279   65  -40   95  159
3d2f  147  290   69  146  137   84
3d2f  154  227   53 -141   45  -97
3h84   48  331  511   94   14 -159
1u6g  131  347  311  -94   75   35
2cg9   18  413   22  -22  156  150
3gl1   21  460   15  -67   65 -172
3d2f  179   39  360   72   18 -170
1bxn  145  243   80  -52   61  154
1bxn  140  439  153  -90   32  137
3cf3   85  157  465  -91  175 -132
1u6g   38  335   79 -126  113  -39
1qvr   30  209  435  -54   74  -99
1qvr  102  205  413    9   84 -115
2cg9  114  382  117  113   72   34
1s3x   40  312  210 -133  117  130
3h84   95  441  371   22  136 -118
1qvr  179   87  149  -19   88   92
3gl1  178  426  287  -33  164  -63
3d2f   40  426  278  -14   32   37
4d8q   25  332  458 -136  103 -149
3d2f   44   21  155   28   35  -30
1u6g   18   67  284 -135   91 -105
4d8q  103   61  240   98   33   51
1u6g   76  378  101 -129  112  -37
1bxn   17  312  314  -46  126  -48
3qm1   47  340  124 -139  118  -73
1bxn  155  103  169 -106  144 -112
1s3x  104  481  489   92   37   26
2cg9   43  380  432  151   85  176
3d2f  157  340  301 -109  105   66
1bxn   76  156  480  -26   66  -96
1bxn   97  441  451  -25   24 -155
3cf3  137  127  331  156   99  118
3d2f  139   81  338   21  133  -38
3gl1  153   43  102  -14   53  -16
4d8q   66  190  375  117  175  -22
3cf3  184  235  292   72   69  -80
1bxn  116  329   56   19   25   13
1u6g   22  192   28  157   46  104
1qvr   82  363  459   72  131  -96
1u6g   19  239   85   21  100   81
4d8q  111  162  386 -153  118  -67
4d8q   79  409   13 -146   84   61
1qvr   93  282  334   -5   97   30
1qvr   14  144  318 -148  143  179
3h84  188  348   48  -19   53  147
4d8q  136  130  121 -126  100    6
3d2f  187   13  446  118   47 -126
3d2f  184  180  502 -165  131  -87
4d8q  186  323  191  112   61  -56
2cg9  172  350  445    4   73 -113
1s3x   82  369  214   64   84 -108
3d2f   47   10  134   35  116  170
3cf3  187  230  354  -53  121 -171
1u6g   69  184  299  129   97  -13
2cg9  158  385  182 -143   24   44
1qvr   43  414    4   61   72   15
3d2f   48  333  155 -107   15 -165
1qvr  166  410   77  127  147   54
3qm1   84    2   14  144   73 -131
3qm1   34  449  388   73   98  -74
1bxn   72  152  405  131   92 -139
2cg9  123  480  463   94  126   76
1qvr   20  272    7  103   92   56
3cf3  173   43   93   39   12  -84
4d8q   62  355  409   34   79  147
3cf3  188  321   24   -3  109  142
3qm1  129  373  496   30   40 -127
4d8q  118  398  483 -163   98  118
3h84  187  119  345   65   79 -132
3cf3  129  333  110 -154   59 -136
4d8q  111  125  407   32   27 -106
1bxn   80  325  201   96  127  116
2cg9  165  511  252  160   44  -96
3d2f   96  424  278 -170  135  115
2cg9   21  278  503  -75   51   71
3h84   42  328  422  -24  139  143
1s3x  124  206    5 -103  103   42
1s3x  127   55   58 -131   50  144
4d8q  165  188  214   81   29  163
3qm1   16  103  511  159  156  111
3gl1   30  246  423   95   31 -109
1bxn  157  117  316  -70   23   25
3d2f   70   93   24  173   26  180
3cf3  103  176  482 -164   82  -81
2cg9   49  170  209   68   32 -126
3cf3  109    5  259 -157  172  152
3h84  181  456  118 -137   68  131
2cg9  128   34  131 -150  143 -134
1u6g  143   64   67   95   99  109
3cf3  124  475   69 -173   18   24
3gl1   85  178  184   24   60  -41
3cf3  182  466   45  -26   35  109
3qm1  173   56  460  -33  110   29
3d2f   13  162   46  174  117  131
3h84   41   64   64  -21   50  158
3gl1  112    8  298  141  151  131
1qvr   53  149  406  -81  141  152
1qvr  151  185   50 -120  140  120
1u6g  127  203  115   49  101  154
3h84  151   18  144 -166   77  154
1bxn   97   88  395  -20   31 -156
1qvr  117   55  278  133  108  134
3gl1  191   21  120  -83   75 -155
4d8q   11  317  511  -21  122  138
1u6g   53  460  501  -44   87  161
3gl1  188  333  424 -111   75 -145
2cg9   87  295   40   67  153   28
3cf3   70  488   90  164  133  -44
3h84  187  344   88  129  112   90
1qvr   61  223  405 -126   82  149
3h84   46  449  481  119   36   94
3gl1  126  479  440  123  113   35
4d8q   55   30  509   88   82  114
3cf3   52  257   15  -27  110  169
3gl1  129  456  322   83   10  -13
4d8q   17   28  302  107   95  -80
1u6g   72  373  322  106  127  157
3d2f  123  179  335  -80   65  -52
1u6g   52  164   50  100  123   14
3d2f   63  169  129    8   10  139
3cf3   85  235  443  157   96  -71
1qvr  176  282  400   48   61  -19
3qm1  147   21  345  -31   57  112
3cf3   80  419  316   -8  149  -38
1u6g  182  400  317 -114  142  107
3qm1   67   14   61 -156   76  165
2cg9  187  104  455 -156  123   44
4d8q  189  267  363   52   94    5
4d8q  141  412   81  160  113  -49
2cg9  186   39  183 -125   83 -165
3qm1  138  443  174 -137  156  131
1s3x    7   44  486 -175   88 -176
3cf3   70  105    2  152  164  175
3cf3  188  299  111  -12  125  -25
3h84  122   88  370 -160   71   10
1bxn  150  305  296   31  115 -166
1bxn   69   48  375 -121   97 -166
3d2f  168   72  444   99  102 -175
3d2f   43  131  373   22  107  124
1s3x   51  322  447   18  145 -125
1qvr   11  475  406   90   47   89
3h84   13  351  503  140   56  -41
1bxn   71  200  255  -58  111  -52
1u6g   75  447  159   93   61  -58
1s3x   53   39  118  -97   93  -32
3h84   49  294  474  120   42  -27
1bxn   74  334  362   41   63   79
1bxn   50  163  224  -41  144  160
1qvr   91   73  103  148   94 -164
2cg9  182  155  306 -121  119 -138
3qm1  127   70  402  -48   24  133
1bxn   50  232  332  168   86 -111
4d8q  161  401  301  120  145  159
1u6g   53  446  188   19  138   19
1u6g  106  211  386  171   21   -2
3h84  150  421  299  -66   40  -47
3cf3  158  493  365   45   96 -175
2cg9   65  101   75   84   75  -45
1qvr  176   78  283   34   91  169
1u6g  154  485   61   99  118  -45
3h84  109  291   40   72  167  -16
3cf3   91  338   74    4   64 -154
3cf3   27  160  375  -69  108   82
3gl1   94  150  258   14   46  -12
3d2f  149   57  379   22  171 -119
3gl1   81  504  385    7  149   56
1u6g   24  335  250  -20  100 -135
3h84  123   86  344  -13  114  147
1qvr   11  346   29  169   95 -146
3gl1   47    2  363 -177   12 -150
3d2f   36  279  280 -150   74  -56
1qvr   18   39  202   91  118   72
3qm1   34   10  329  157  147  150
3qm1   68  257  290 -160   82 -149
3h84  180   37  321  -48   60   46
3d2f   11  375  250  -12  123   49
1bxn   63  302   40   12  126   63
3cf3  136  123  195  126   67  104
1s3x   22  348  215  122  108   55
3h84   79   86  313  -43   82  -48
1qvr  185   67  180  -15  152   42
3cf3  114  324  328   48   55  -95
3gl1  191   58  418 -107   53  -31
2cg9  141  219   38 -168  134  -52
1u6g  115  153  368  138   31  -82
1s3x  174  397  510   14   74  -47
1u6g  191  373  508 -165   58  -29
3cf3   84  316  355   12  134  -75
3h84   98  280  421 -157   52   -1
3h84  141  502  175  134  137   87
3cf3   80  259    4 -139  138 -128
4d8q   10  400   92  -59   81 -157
1qvr   61  122  291   12   17  145
2cg9   49   67  430  -79   52   19
1qvr   79  501  247  -85  102   44
3gl1  162  127  198 -118   91   11
1u6g   71  184  436   11   76  -37
1u6g  113  493   34 -178   28 -107
3gl1   13   86  154  179   43   78
2cg9  188  398  450  156   51 -151
1qvr   13  412  310    5   84 -149
2cg9  132  452  250  123  118 -112
1s3x  136   19  343  133  161 -163
3qm1   25  158  112  156   98 -139
1bxn  148    6  268    3   21   12
1u6g  182  313   50  -84   87   94
1u6g   52  286   50  -65  114  110
1u6g   52  126  160 -132   99   90
3h84   72  231  378  104   25  127
4b4t   64  453  425   98  126  106
3gl1  159  166  348   40  128  147
1u6g   51  334   18 -180  130  172
1s3x  171  498  460   70  136 -177
4b4t   16   16  274  133   65 -140
4d8q   70   18  207 -110  106   11
3cf3  185  355   66  -93   59  -90
1bxn  135    9  511 -105  101 -124
3d2f   48  266  238   81   66   89
3d2f  124  412  185  -71   65  -12
3h84   73  289   74  169   66  -44
3d2f   14  190  314  103  124 -145
1u6g   64  470  316  104  147  156
3cf3   26   32  487  106   37 -165
1bxn   75  144  203   -2  100 -123
3cf3  188  511  389   34  124  -39
1qvr   40  377  246 -114  159  -51
2cg9  130  502  244 -148  117   75
3qm1  183  245  462 -158  113  131
1u6g   94   81  152 -160   60 -116
3gl1   95  436  436  -90   62 -173
1qvr  160   79  367  166   16  110
1bxn  102   29  504   70  125  -71
2cg9   20  282  488  -15   93   18
2cg9  131  330  442  -95  132 -113
3qm1  133  146  309   86  102    1
1s3x  161    1  160 -108  107 -164
