1bxn 52 132 76
1bxn 138 206 114
1bxn 156 116 314
1bxn 12 362 204
1bxn 132 330 464
1bxn 72 28 494
1bxn 80 260 424
1bxn 106 184 118
1bxn 14 270 184
1bxn 110 350 396
1bxn 134 486 336
1bxn 78 202 500
1bxn 88 172 60
1bxn 30 320 496
1bxn 152 224 450
1bxn 100 68 392
1bxn 186 294 442
1bxn 50 354 20
1bxn 64 106 166
1bxn 98 260 264
1bxn 56 302 382
1bxn 146 88 20
1bxn 118 200 20
1bxn 32 362 472
1bxn 140 438 152
1bxn 26 94 492
1bxn 188 12 340
1bxn 154 32 338
1bxn 126 454 462
1bxn 132 238 446
1bxn 86 26 98
1bxn 40 316 24
1bxn 92 6 48
1bxn 76 344 440
1bxn 154 310 160
1bxn 80 96 432
1bxn 144 330 90
1bxn 136 376 458
1bxn 50 172 64
1bxn 132 476 374
1bxn 114 122 472
1bxn 128 492 84
1bxn 64 366 124
1bxn 62 302 40
1bxn 176 416 474
1bxn 76 156 480
1bxn 88 390 434
1bxn 16 462 222
1bxn 86 136 58
1bxn 50 232 332
1bxn 12 350 188
1bxn 162 190 186
1bxn 12 462 450
1bxn 46 348 182
1bxn 72 338 378
1bxn 166 214 408
1bxn 188 270 38
1bxn 112 312 442
1bxn 166 410 214
1bxn 56 322 36
1bxn 128 36 448
1bxn 116 148 494
1bxn 182 248 70
1bxn 184 396 350
1bxn 70 406 46
1bxn 12 180 254
1bxn 48 456 448
1bxn 72 152 404
1bxn 76 144 202
1bxn 166 166 438
1bxn 78 170 402
1bxn 106 10 128
1bxn 70 504 54
1bxn 150 72 422
1bxn 22 272 414
1bxn 104 480 428
1bxn 92 204 258
1bxn 108 254 436
1bxn 164 268 18
1bxn 102 30 504
1bxn 132 160 68
1bxn 166 162 218
1bxn 78 110 284
1bxn 88 290 314
1bxn 52 320 476
1bxn 60 26 362
1bxn 50 162 224
1bxn 150 358 20
1bxn 46 134 186
1bxn 38 10 270
1bxn 70 502 304
1bxn 98 88 394
1bxn 90 314 302
1bxn 70 48 374
1bxn 142 68 364
1bxn 18 252 484
1bxn 74 16 40
1bxn 70 276 404
1bxn 8 316 474
1bxn 100 188 104
1bxn 48 280 238
1bxn 88 444 308
1bxn 28 260 184
1bxn 146 244 80
1bxn 68 264 86
1bxn 8 96 122
1bxn 126 326 90
1bxn 44 52 178
1bxn 84 236 218
1bxn 146 278 416
1bxn 122 204 260
1bxn 88 388 374
1bxn 22 34 352
1bxn 126 48 122
1bxn 92 230 390
1bxn 160 422 346
1bxn 64 240 28
1bxn 98 224 168
1bxn 126 416 258
1bxn 158 502 148
1bxn 150 304 296
1bxn 192 296 54
1bxn 126 410 312
1bxn 68 224 142
1bxn 54 154 326
1bxn 92 356 182
1bxn 62 120 328
1bxn 24 236 130
1bxn 188 320 24
1bxn 80 84 400
1bxn 74 334 362
1bxn 30 224 174
1bxn 12 138 122
1bxn 66 202 320
1bxn 136 340 238
1bxn 116 454 370
1bxn 14 322 424
1bxn 140 256 46
1bxn 146 340 442
1bxn 134 50 6
1bxn 156 102 168
1bxn 106 398 52
1bxn 186 270 424
1bxn 168 108 266
1bxn 156 490 260
1bxn 34 234 190
1bxn 82 100 188
1bxn 20 382 312
1bxn 114 478 448
1bxn 90 438 138
1bxn 66 320 150
1bxn 82 80 166
1bxn 134 404 290
1bxn 80 326 200
1bxn 68 278 480
1bxn 96 440 450
1bxn 134 110 314
1bxn 148 274 238
1bxn 146 110 74
1bxn 116 328 56
1bxn 82 356 112
1bxn 116 218 8
1bxn 66 376 254
1bxn 136 374 180
1bxn 144 10 328
1bxn 132 40 94
1bxn 180 286 306
1bxn 16 312 314
1bxn 188 242 106
1bxn 34 232 384
1bxn 96 356 412
1bxn 102 82 284
1bxn 174 454 368
1bxn 74 406 178
1bxn 190 330 126
1bxn 152 506 446
1bxn 32 102 130
1bxn 122 16 126
1bxn 124 256 454
1bxn 134 390 384
1bxn 98 412 188
1bxn 46 180 488
1bxn 40 32 396
1bxn 152 260 96
1bxn 64 208 178
1bxn 182 200 192
1bxn 50 154 258
1bxn 124 372 6
1bxn 102 166 202
1bxn 170 266 378
1bxn 156 206 110
1bxn 118 16 344
1bxn 62 122 54
1bxn 34 398 192
1bxn 172 90 130
1bxn 44 92 336
1bxn 172 498 182
1bxn 182 278 334
1bxn 122 238 220
1bxn 98 396 228
1bxn 110 326 224
1bxn 134 206 412
1bxn 76 102 162
1bxn 78 84 4
1bxn 100 118 236
1bxn 156 508 204
1qvr 22 224 326
1qvr 124 218 138
1qvr 28 72 496
1qvr 50 478 446
1qvr 136 384 404
1qvr 30 298 44
1qvr 156 352 424
1qvr 158 406 182
1qvr 50 504 388
1qvr 56 140 236
1qvr 146 24 290
1qvr 30 482 314
1qvr 50 492 276
1qvr 22 166 206
1qvr 184 170 298
1qvr 40 394 152
1qvr 62 316 102
1qvr 22 212 86
1qvr 128 496 436
1qvr 184 66 180
1qvr 164 416 424
1qvr 66 340 468
1qvr 94 118 362
1qvr 24 498 338
1qvr 126 308 290
1qvr 108 86 186
1qvr 14 450 202
1qvr 68 310 504
1qvr 20 380 206
1qvr 88 128 120
1qvr 156 384 344
1qvr 66 504 198
1qvr 60 234 430
1qvr 60 224 406
1qvr 88 502 280
1qvr 112 456 142
1qvr 170 212 134
1qvr 140 6 470
1qvr 172 344 166
1qvr 58 60 406
1qvr 10 290 414
1qvr 176 78 284
1qvr 72 88 504
1qvr 120 210 326
1qvr 18 40 202
1qvr 60 310 206
1qvr 26 490 258
1qvr 14 214 254
1qvr 142 480 42
1qvr 56 190 416
1qvr 132 34 324
1qvr 88 250 234
1qvr 94 240 184
1qvr 102 206 412
1qvr 92 496 202
1qvr 26 56 88
1qvr 52 416 334
1qvr 142 140 420
1qvr 182 110 420
1qvr 170 34 198
1qvr 24 422 492
1qvr 146 152 112
1qvr 60 122 292
1qvr 48 476 4
1qvr 12 412 308
1qvr 136 236 106
1qvr 118 468 44
1qvr 140 350 132
1qvr 128 270 316
1qvr 184 44 380
1qvr 90 214 482
1qvr 104 414 456
1qvr 18 354 64
1qvr 18 498 400
1qvr 110 504 342
1qvr 42 10 442
1qvr 132 430 392
1qvr 112 250 292
1qvr 180 116 42
1qvr 176 378 382
1qvr 28 348 308
1qvr 130 78 232
1qvr 150 36 360
1qvr 86 234 444
1qvr 112 434 234
1qvr 10 474 404
1qvr 160 268 44
1qvr 78 238 322
1qvr 98 132 186
1qvr 52 150 406
1qvr 82 454 394
1qvr 128 228 418
1qvr 132 306 322
1qvr 168 196 388
1qvr 140 170 442
1qvr 106 4 438
1qvr 106 58 480
1qvr 114 506 16
1qvr 124 52 174
1qvr 26 168 308
1qvr 160 438 122
1qvr 150 184 50
1qvr 78 502 480
1qvr 102 466 68
1qvr 140 448 344
1qvr 178 86 150
1qvr 40 364 162
1qvr 62 238 500
1qvr 114 48 206
1qvr 26 276 258
1qvr 26 494 108
1qvr 30 208 434
1qvr 154 430 364
1qvr 44 408 484
1qvr 72 402 72
1qvr 26 450 38
1qvr 176 6 186
1qvr 152 298 272
1qvr 34 290 396
1qvr 138 102 206
1qvr 178 340 320
1qvr 80 168 90
1qvr 116 54 278
1qvr 166 294 56
1qvr 42 238 464
1qvr 178 492 282
1qvr 78 210 432
1qvr 30 148 458
1qvr 48 50 146
1qvr 92 322 506
1qvr 178 312 370
1qvr 28 358 382
1qvr 170 4 356
1qvr 146 80 392
1qvr 120 268 502
1qvr 52 356 366
1qvr 100 254 48
1qvr 152 122 36
1qvr 146 36 236
1qvr 82 344 292
1qvr 114 48 404
1qvr 112 146 308
1qvr 134 336 18
1qvr 10 232 410
1qvr 130 152 280
1qvr 32 94 506
1qvr 174 432 258
1qvr 146 132 354
1qvr 14 172 116
1qvr 158 118 476
1qvr 28 4 466
1qvr 104 506 258
1qvr 100 238 484
1qvr 94 48 160
1qvr 30 454 60
1qvr 14 12 114
1qvr 68 444 288
1qvr 38 306 230
1qvr 174 64 408
1qvr 184 164 208
1qvr 174 280 398
1qvr 172 412 140
1qvr 68 234 192
1qvr 126 140 452
1qvr 182 58 312
1qvr 32 178 278
1qvr 22 284 456
1qvr 162 224 176
1qvr 156 496 116
1qvr 142 126 100
1qvr 184 400 372
1qvr 34 26 506
1qvr 50 346 204
1qvr 56 158 302
1qvr 180 412 170
1qvr 68 428 22
1qvr 62 86 132
1qvr 50 302 346
1qvr 58 310 134
1qvr 44 188 122
1qvr 144 4 178
1qvr 96 32 116
1qvr 100 488 142
1qvr 114 322 326
1qvr 128 204 394
1qvr 24 488 280
1qvr 14 436 386
1qvr 12 296 372
1qvr 60 282 282
1qvr 156 482 164
1qvr 72 352 494
1qvr 70 28 440
1qvr 142 64 204
1qvr 18 136 210
1qvr 168 246 140
1qvr 68 104 4
1qvr 18 408 390
1qvr 154 272 148
1qvr 144 362 262
1qvr 184 294 22
1qvr 68 424 384
1qvr 14 108 268
1qvr 190 4 394
1qvr 10 374 250
1qvr 96 234 346
1qvr 80 258 4
1qvr 174 230 42
1qvr 92 112 306
1qvr 158 244 252
1qvr 136 464 216
1qvr 90 72 102
1qvr 158 506 382
1qvr 32 468 246
1qvr 72 86 476
1qvr 96 244 322
1qvr 116 242 342
1qvr 126 58 318
1qvr 144 260 340
1qvr 182 464 42
1qvr 118 294 416
1qvr 40 376 246
1qvr 120 506 502
1qvr 94 4 414
1qvr 10 204 336
1qvr 20 66 46
1qvr 70 230 4
1qvr 178 262 446
1qvr 180 354 462
1qvr 190 342 398
1qvr 156 178 504
1qvr 130 40 508
1s3x 152 356 308
1s3x 194 52 414
1s3x 100 492 36
1s3x 170 418 306
1s3x 42 378 158
1s3x 84 50 364
1s3x 18 228 194
1s3x 192 340 376
1s3x 62 136 118
1s3x 126 446 354
1s3x 138 226 472
1s3x 134 234 2
1s3x 136 200 316
1s3x 18 472 294
1s3x 78 364 72
1s3x 18 336 372
1s3x 134 4 426
1s3x 66 378 58
1s3x 144 30 96
1s3x 148 422 284
1s3x 88 2 312
1s3x 98 348 116
1s3x 50 372 282
1s3x 50 296 472
1s3x 40 116 392
1s3x 98 210 36
1s3x 172 498 458
1s3x 144 14 448
1s3x 162 390 208
1s3x 30 2 174
1s3x 6 50 370
1s3x 16 8 440
1s3x 148 84 110
1s3x 72 134 350
1s3x 14 162 272
1s3x 136 402 62
1s3x 72 284 46
1s3x 152 468 476
1s3x 176 334 354
1s3x 70 332 2
1s3x 88 258 146
1s3x 66 66 216
1s3x 142 2 84
1s3x 196 160 326
1s3x 184 242 348
1s3x 72 262 504
1s3x 4 444 112
1s3x 100 106 2
1s3x 164 210 318
1s3x 18 174 366
1s3x 76 2 468
1s3x 4 106 450
1s3x 80 440 128
1s3x 164 122 454
1s3x 66 446 100
1s3x 126 224 508
1s3x 192 112 178
1s3x 134 224 86
1s3x 192 430 404
1s3x 116 198 306
1s3x 194 340 162
1s3x 42 48 218
1s3x 130 2 226
1s3x 42 32 418
1s3x 170 342 62
1s3x 98 362 462
1s3x 42 180 168
1s3x 118 196 426
1s3x 66 238 392
1s3x 184 176 418
1s3x 52 446 346
1s3x 10 342 158
1s3x 2 382 390
1s3x 48 158 446
1s3x 118 166 92
1s3x 56 24 128
1s3x 116 370 508
1s3x 146 506 302
1s3x 32 344 192
1s3x 60 392 40
1s3x 188 218 50
1s3x 148 174 142
1s3x 8 406 330
1s3x 84 2 256
1s3x 134 316 144
1s3x 192 390 174
1s3x 168 208 376
1s3x 66 14 62
1s3x 88 346 240
1s3x 116 70 462
1s3x 162 234 388
1s3x 170 188 64
1s3x 196 238 390
1s3x 24 374 256
1s3x 110 324 208
1s3x 94 338 224
1s3x 82 450 260
1s3x 80 410 438
1s3x 54 224 76
1s3x 162 456 456
1s3x 2 322 210
1s3x 96 248 4
1s3x 20 382 176
1s3x 4 186 360
1s3x 48 2 70
1s3x 130 2 316
1s3x 58 40 0
1s3x 68 304 20
1s3x 40 474 394
1s3x 108 244 468
1s3x 12 100 284
1s3x 172 394 194
1s3x 124 326 386
1s3x 2 32 164
1s3x 28 66 224
1s3x 182 434 220
1s3x 86 274 396
1s3x 52 84 452
1s3x 106 282 88
1s3x 152 378 314
1s3x 190 330 282
1s3x 114 2 352
1s3x 80 254 506
1s3x 44 274 386
1s3x 140 172 486
1s3x 182 380 248
1s3x 196 262 238
1s3x 188 468 146
1s3x 32 216 274
1s3x 58 340 102
1s3x 42 192 408
1s3x 4 306 254
1s3x 106 334 344
1s3x 196 498 202
1s3x 28 320 266
1s3x 184 462 104
1s3x 66 418 246
1s3x 154 84 278
1s3x 58 116 506
1s3x 6 148 400
1s3x 84 360 294
1s3x 116 28 146
1s3x 12 128 230
1s3x 102 352 286
1s3x 90 76 478
1s3x 188 408 6
1s3x 82 462 216
1s3x 100 336 6
1s3x 196 274 216
1s3x 94 140 4
1s3x 56 378 170
1s3x 80 368 214
1s3x 36 12 394
1s3x 134 192 194
1s3x 8 324 244
1s3x 22 96 376
1s3x 102 454 390
1s3x 12 236 174
1s3x 144 260 358
1s3x 144 466 506
1s3x 68 450 238
1s3x 52 2 150
1s3x 196 250 54
1s3x 76 270 462
1s3x 160 270 198
1s3x 64 388 302
1s3x 96 428 352
1s3x 144 64 502
1s3x 138 16 250
1s3x 118 22 200
1s3x 196 312 252
1s3x 92 80 76
1s3x 144 160 2
1s3x 76 310 326
1s3x 118 102 2
1s3x 40 194 192
1s3x 44 464 406
1s3x 86 288 466
1s3x 74 438 318
1s3x 86 122 388
1s3x 88 500 406
1s3x 172 32 124
1s3x 66 398 484
1s3x 154 64 42
1s3x 196 60 128
1s3x 144 34 32
1s3x 28 282 186
1s3x 54 434 306
1s3x 92 206 164
1s3x 74 292 128
1s3x 102 486 268
1s3x 8 48 114
1u6g 100 76 450
1u6g 56 454 328
1u6g 182 34 410
1u6g 30 414 122
1u6g 30 198 174
1u6g 46 472 206
1u6g 38 404 292
1u6g 32 192 96
1u6g 178 10 310
1u6g 144 364 278
1u6g 150 490 388
1u6g 44 160 178
1u6g 52 238 256
1u6g 140 142 150
1u6g 62 326 182
1u6g 140 72 140
1u6g 108 114 386
1u6g 136 414 274
1u6g 80 154 138
1u6g 130 386 74
1u6g 182 230 412
1u6g 52 264 238
1u6g 92 396 482
1u6g 144 280 466
1u6g 62 10 276
1u6g 66 286 378
1u6g 176 388 150
1u6g 128 178 504
1u6g 162 230 298
1u6g 184 312 50
1u6g 180 232 242
1u6g 84 216 376
1u6g 138 404 326
1u6g 12 210 456
1u6g 114 494 34
1u6g 12 488 178
1u6g 106 414 96
1u6g 166 26 480
1u6g 16 414 230
1u6g 54 460 500
1u6g 58 338 78
1u6g 100 226 240
1u6g 50 126 160
1u6g 16 144 266
1u6g 172 468 138
1u6g 38 434 76
1u6g 34 130 68
1u6g 184 56 294
1u6g 130 348 310
1u6g 46 210 78
1u6g 108 72 96
1u6g 36 432 98
1u6g 96 80 152
1u6g 134 224 180
1u6g 50 276 352
1u6g 64 342 176
1u6g 78 278 8
1u6g 64 470 316
1u6g 130 62 250
1u6g 52 284 50
1u6g 88 248 370
1u6g 34 276 278
1u6g 132 86 140
1u6g 134 262 84
1u6g 64 288 204
1u6g 58 230 122
1u6g 64 344 36
1u6g 40 202 284
1u6g 178 418 22
1u6g 116 414 332
1u6g 156 484 60
1u6g 134 174 310
1u6g 174 350 442
1u6g 142 410 400
1u6g 48 12 340
1u6g 142 218 38
1u6g 40 366 36
1u6g 56 264 284
1u6g 88 192 352
1u6g 86 20 348
1u6g 28 214 132
1u6g 180 306 228
1u6g 44 470 274
1u6g 148 126 214
1u6g 114 244 112
1u6g 30 254 348
1u6g 24 300 480
1u6g 174 384 406
1u6g 112 124 128
1u6g 18 282 488
1u6g 176 288 92
1u6g 132 446 72
1u6g 154 98 366
1u6g 162 460 48
1u6g 42 378 432
1u6g 50 142 170
1u6g 38 104 380
1u6g 70 386 140
1u6g 186 408 292
1u6g 152 50 444
1u6g 172 206 218
1u6g 108 172 54
1u6g 120 30 62
1u6g 54 444 188
1u6g 142 64 66
1u6g 38 78 302
1u6g 112 304 102
1u6g 130 370 36
1u6g 24 334 248
1u6g 78 150 270
1u6g 92 40 42
1u6g 100 268 304
1u6g 150 134 18
1u6g 152 444 384
1u6g 18 330 294
1u6g 182 122 162
1u6g 70 2 342
1u6g 126 102 446
1u6g 28 148 48
1u6g 72 372 322
1u6g 52 164 50
1u6g 142 356 220
1u6g 78 394 210
1u6g 128 450 118
1u6g 174 8 142
1u6g 28 488 220
1u6g 96 378 298
1u6g 52 456 296
1u6g 82 494 176
1u6g 182 366 114
1u6g 96 28 164
1u6g 182 502 364
1u6g 58 384 440
1u6g 46 74 114
1u6g 28 458 276
1u6g 176 106 98
1u6g 10 132 352
1u6g 70 466 482
1u6g 106 210 386
1u6g 66 396 154
1u6g 68 114 206
1u6g 62 308 176
1u6g 124 76 56
1u6g 8 30 468
1u6g 90 294 366
1u6g 84 220 46
1u6g 110 458 10
1u6g 152 54 184
1u6g 108 116 508
1u6g 132 392 4
1u6g 18 156 230
1u6g 70 144 342
1u6g 18 222 66
1u6g 88 150 410
1u6g 50 94 308
1u6g 192 168 226
1u6g 66 254 100
1u6g 164 82 400
1u6g 58 186 456
1u6g 100 506 158
1u6g 58 270 164
1u6g 188 326 6
1u6g 120 306 346
1u6g 182 260 182
1u6g 150 290 68
1u6g 144 278 86
1u6g 20 278 504
1u6g 56 246 226
1u6g 60 406 260
1u6g 62 8 310
1u6g 14 216 222
1u6g 54 224 28
1u6g 76 108 310
1u6g 32 136 484
1u6g 128 4 256
1u6g 132 422 474
1u6g 68 378 36
2cg9 44 302 62
2cg9 60 334 414
2cg9 142 196 116
2cg9 86 92 26
2cg9 12 392 294
2cg9 64 156 206
2cg9 14 320 360
2cg9 114 430 318
2cg9 168 304 192
2cg9 58 164 28
2cg9 154 102 380
2cg9 60 182 238
2cg9 92 458 170
2cg9 102 144 382
2cg9 170 134 474
2cg9 168 238 480
2cg9 162 218 198
2cg9 136 440 136
2cg9 134 96 170
2cg9 28 438 128
2cg9 152 40 272
2cg9 162 162 130
2cg9 144 100 4
2cg9 124 408 150
2cg9 106 70 262
2cg9 168 250 236
2cg9 164 316 48
2cg9 126 356 178
2cg9 158 386 180
2cg9 74 466 74
2cg9 162 404 282
2cg9 32 318 146
2cg9 70 86 210
2cg9 112 96 82
2cg9 76 446 158
2cg9 50 332 20
2cg9 96 100 380
2cg9 98 380 184
2cg9 32 206 338
2cg9 142 368 6
2cg9 188 138 64
2cg9 116 264 88
2cg9 40 90 208
2cg9 170 108 314
2cg9 180 152 308
2cg9 48 274 14
2cg9 122 352 460
2cg9 94 312 106
2cg9 64 136 316
2cg9 78 58 48
2cg9 134 178 100
2cg9 76 176 322
2cg9 64 144 190
2cg9 68 258 182
2cg9 72 356 188
2cg9 24 174 148
2cg9 128 108 114
2cg9 96 136 270
2cg9 138 490 298
2cg9 166 88 346
2cg9 188 454 294
2cg9 144 354 172
2cg9 154 264 484
2cg9 14 294 280
2cg9 22 36 148
2cg9 26 328 164
2cg9 186 60 276
2cg9 68 302 152
2cg9 78 8 442
2cg9 164 338 120
2cg9 22 508 438
2cg9 26 120 172
2cg9 46 360 182
2cg9 154 382 240
2cg9 114 30 358
2cg9 170 224 362
2cg9 112 126 308
2cg9 162 378 196
2cg9 40 246 398
2cg9 68 26 60
2cg9 178 64 102
2cg9 146 446 264
2cg9 132 114 246
2cg9 32 468 478
2cg9 22 346 284
2cg9 180 14 416
2cg9 168 396 220
2cg9 168 360 350
2cg9 88 296 40
2cg9 96 60 434
2cg9 188 354 236
2cg9 10 260 240
2cg9 146 446 54
2cg9 50 468 150
2cg9 172 272 302
2cg9 186 396 450
2cg9 130 330 444
2cg9 26 308 454
2cg9 58 116 188
2cg9 22 338 264
2cg9 50 48 504
2cg9 92 54 210
2cg9 28 302 362
2cg9 148 344 492
2cg9 100 206 372
2cg9 142 232 288
2cg9 8 304 150
2cg9 26 4 140
2cg9 128 34 130
2cg9 140 204 272
2cg9 70 424 426
2cg9 88 226 256
2cg9 190 96 256
2cg9 118 476 354
2cg9 132 114 504
2cg9 154 368 396
2cg9 162 220 384
2cg9 128 134 368
2cg9 66 372 470
2cg9 120 120 204
2cg9 110 360 498
2cg9 42 372 402
2cg9 122 78 118
2cg9 96 474 186
2cg9 12 86 154
2cg9 104 230 452
2cg9 40 170 104
2cg9 194 298 426
2cg9 130 370 312
2cg9 122 14 108
2cg9 100 134 454
2cg9 144 310 24
2cg9 52 492 248
2cg9 34 8 330
2cg9 32 126 100
2cg9 80 348 398
2cg9 112 270 216
2cg9 170 484 426
2cg9 110 502 462
2cg9 10 16 424
2cg9 134 334 500
2cg9 34 138 250
2cg9 108 304 494
2cg9 42 64 62
2cg9 168 386 234
2cg9 182 332 38
2cg9 148 22 4
2cg9 88 264 330
2cg9 20 360 346
2cg9 116 100 130
2cg9 48 456 36
2cg9 144 326 306
2cg9 166 474 376
2cg9 178 178 158
2cg9 104 156 108
2cg9 54 328 392
2cg9 190 20 118
2cg9 80 354 376
2cg9 130 162 492
2cg9 96 330 124
2cg9 78 444 174
2cg9 158 342 300
2cg9 66 368 504
2cg9 78 174 118
2cg9 114 332 306
2cg9 72 264 338
2cg9 66 434 148
2cg9 66 336 120
2cg9 188 356 158
2cg9 60 246 328
2cg9 62 370 270
2cg9 100 474 342
2cg9 98 28 198
2cg9 52 466 98
2cg9 78 40 306
2cg9 154 18 404
2cg9 86 130 404
2cg9 66 430 128
2cg9 42 18 216
2cg9 58 86 184
2cg9 68 178 488
2cg9 88 294 24
2cg9 12 354 430
2cg9 128 134 76
2cg9 42 128 504
2cg9 94 2 462
2cg9 46 2 362
2cg9 36 490 200
2cg9 68 28 344
2cg9 2 228 102
2cg9 124 80 196
2cg9 46 362 432
2cg9 168 244 106
2cg9 18 40 168
2cg9 52 462 180
2cg9 50 2 32
2cg9 52 494 362
2cg9 92 500 444
2cg9 186 192 160
2cg9 152 290 332
2cg9 114 196 196
2cg9 158 154 482
2cg9 36 50 230
2cg9 44 506 122
2cg9 90 388 250
2cg9 58 506 504
3cf3 184 440 40
3cf3 124 476 68
3cf3 132 246 500
3cf3 54 102 48
3cf3 58 220 252
3cf3 128 132 288
3cf3 150 410 382
3cf3 58 486 298
3cf3 28 456 402
3cf3 104 362 480
3cf3 150 360 156
3cf3 162 354 210
3cf3 186 124 314
3cf3 106 184 400
3cf3 114 204 240
3cf3 104 452 322
3cf3 70 10 162
3cf3 130 278 14
3cf3 70 254 254
3cf3 118 24 290
3cf3 104 176 482
3cf3 30 106 306
3cf3 84 314 36
3cf3 168 356 230
3cf3 18 306 76
3cf3 72 10 238
3cf3 90 336 74
3cf3 150 482 430
3cf3 156 34 442
3cf3 92 462 128
3cf3 90 374 124
3cf3 10 54 330
3cf3 68 218 462
3cf3 16 398 172
3cf3 86 80 426
3cf3 186 356 64
3cf3 10 166 340
3cf3 58 238 296
3cf3 110 302 322
3cf3 144 320 354
3cf3 10 22 406
3cf3 28 426 50
3cf3 108 6 258
3cf3 70 466 154
3cf3 156 160 22
3cf3 46 470 340
3cf3 64 212 196
3cf3 130 376 92
3cf3 26 32 486
3cf3 128 358 204
3cf3 86 316 354
3cf3 54 108 350
3cf3 124 472 396
3cf3 188 474 188
3cf3 130 478 172
3cf3 114 88 318
3cf3 142 472 246
3cf3 16 454 368
3cf3 74 452 364
3cf3 118 106 66
3cf3 92 316 168
3cf3 136 124 194
3cf3 186 176 328
3cf3 32 398 106
3cf3 64 196 80
3cf3 166 326 8
3cf3 140 34 198
3cf3 46 272 256
3cf3 56 80 252
3cf3 94 294 442
3cf3 182 90 438
3cf3 70 62 442
3cf3 80 380 404
3cf3 74 100 108
3cf3 158 492 364
3cf3 126 186 52
3cf3 84 126 32
3cf3 100 462 450
3cf3 84 140 102
3cf3 100 32 62
3cf3 18 330 74
3cf3 78 476 286
3cf3 108 128 108
3cf3 74 226 88
3cf3 98 190 24
3cf3 46 72 206
3cf3 164 444 472
3cf3 20 308 284
3cf3 96 408 168
3cf3 66 40 200
3cf3 98 356 136
3cf3 186 148 130
3cf3 138 226 386
3cf3 66 14 474
3cf3 94 262 346
3cf3 14 144 316
3cf3 176 254 276
3cf3 184 136 336
3cf3 38 182 436
3cf3 118 272 108
3cf3 122 260 476
3cf3 86 34 478
3cf3 160 286 24
3cf3 82 180 474
3cf3 174 66 52
3cf3 172 42 92
3cf3 142 112 282
3cf3 138 86 314
3cf3 116 292 388
3cf3 74 4 94
3cf3 96 382 464
3cf3 188 228 354
3cf3 50 448 168
3cf3 46 44 204
3cf3 186 300 112
3cf3 38 20 32
3cf3 70 488 90
3cf3 182 72 124
3cf3 182 36 338
3cf3 82 412 478
3cf3 40 24 238
3cf3 56 404 296
3cf3 118 390 176
3cf3 190 260 336
3cf3 136 126 330
3cf3 10 172 240
3cf3 112 402 426
3cf3 18 424 184
3cf3 132 412 6
3cf3 70 478 108
3cf3 160 302 312
3cf3 136 270 264
3cf3 158 460 214
3cf3 50 382 340
3cf3 34 454 132
3cf3 138 22 382
3cf3 14 202 286
3cf3 184 414 112
3cf3 120 74 278
3cf3 146 198 24
3cf3 16 250 366
3cf3 18 252 386
3cf3 48 54 450
3cf3 58 204 276
3cf3 98 422 420
3cf3 186 234 290
3cf3 16 506 66
3cf3 126 172 468
3cf3 80 418 316
3cf3 22 432 416
3cf3 122 406 48
3cf3 94 282 332
3cf3 32 220 226
3cf3 88 192 388
3cf3 180 38 452
3cf3 138 162 140
3cf3 110 376 384
3cf3 38 202 316
3cf3 78 66 260
3cf3 74 110 402
3cf3 54 186 218
3cf3 126 242 246
3cf3 26 458 496
3cf3 174 308 134
3cf3 116 118 226
3cf3 124 14 426
3cf3 50 336 54
3cf3 86 158 464
3cf3 164 84 316
3cf3 12 248 344
3cf3 88 276 100
3cf3 48 352 288
3cf3 162 90 202
3cf3 52 256 16
3cf3 142 406 204
3cf3 22 62 378
3cf3 38 230 406
3cf3 174 32 38
3cf3 22 196 196
3cf3 58 452 116
3cf3 146 4 208
3cf3 24 158 374
3cf3 70 46 180
3cf3 132 384 158
3cf3 10 380 124
3cf3 84 214 198
3cf3 148 104 150
3cf3 156 342 74
3cf3 38 94 30
3cf3 166 142 358
3cf3 104 176 506
3cf3 54 490 340
3cf3 128 430 364
3cf3 24 278 64
3cf3 14 116 490
3cf3 28 502 506
3cf3 148 6 268
3cf3 124 76 92
3cf3 192 148 258
3cf3 48 388 66
3cf3 128 442 36
3cf3 114 450 340
3cf3 160 80 366
3cf3 82 506 136
3cf3 68 90 334
3cf3 76 40 28
3cf3 132 310 502
3cf3 140 372 492
3cf3 170 74 442
3cf3 106 506 98
3d2f 98 328 50
3d2f 128 24 266
3d2f 86 376 62
3d2f 154 304 180
3d2f 136 14 492
3d2f 144 16 144
3d2f 140 134 506
3d2f 96 402 408
3d2f 106 104 114
3d2f 36 48 424
3d2f 106 402 386
3d2f 62 210 60
3d2f 104 90 236
3d2f 134 160 36
3d2f 112 166 424
3d2f 188 136 36
3d2f 82 56 496
3d2f 180 260 118
3d2f 112 96 414
3d2f 138 496 456
3d2f 92 12 326
3d2f 124 152 348
3d2f 152 344 332
3d2f 120 442 486
3d2f 22 188 342
3d2f 88 454 346
3d2f 150 324 452
3d2f 186 248 422
3d2f 114 154 230
3d2f 160 14 384
3d2f 164 506 502
3d2f 120 402 368
3d2f 114 444 194
3d2f 110 228 118
3d2f 64 16 184
3d2f 182 122 132
3d2f 8 368 402
3d2f 188 118 344
3d2f 38 58 472
3d2f 40 28 368
3d2f 88 54 416
3d2f 178 228 218
3d2f 20 238 84
3d2f 72 62 110
3d2f 32 122 324
3d2f 78 148 22
3d2f 102 496 378
3d2f 114 360 372
3d2f 180 38 362
3d2f 88 92 256
3d2f 120 176 336
3d2f 142 160 332
3d2f 46 334 156
3d2f 132 16 12
3d2f 128 244 320
3d2f 176 192 130
3d2f 24 348 228
3d2f 32 164 132
3d2f 184 368 436
3d2f 184 174 106
3d2f 164 464 176
3d2f 114 390 292
3d2f 36 398 320
3d2f 110 260 406
3d2f 60 148 56
3d2f 84 238 24
3d2f 132 272 60
3d2f 10 386 372
3d2f 16 80 216
3d2f 142 278 174
3d2f 70 94 24
3d2f 126 104 358
3d2f 72 184 434
3d2f 32 444 338
3d2f 30 2 242
3d2f 150 182 470
3d2f 68 438 46
3d2f 114 434 274
3d2f 46 436 502
3d2f 132 84 254
3d2f 166 340 402
3d2f 18 258 166
3d2f 100 110 266
3d2f 126 186 74
3d2f 178 380 198
3d2f 64 116 486
3d2f 94 170 442
3d2f 112 174 382
3d2f 178 150 278
3d2f 102 456 270
3d2f 58 302 278
3d2f 160 64 68
3d2f 156 428 218
3d2f 124 156 208
3d2f 136 80 338
3d2f 16 138 378
3d2f 102 332 28
3d2f 102 88 348
3d2f 148 370 298
3d2f 124 410 186
3d2f 164 284 210
3d2f 10 8 360
3d2f 172 174 86
3d2f 138 414 344
3d2f 110 26 162
3d2f 78 386 2
3d2f 148 36 52
3d2f 44 354 254
3d2f 170 188 28
3d2f 104 406 290
3d2f 114 68 414
3d2f 68 484 404
3d2f 62 500 114
3d2f 28 280 152
3d2f 166 444 4
3d2f 40 480 184
3d2f 150 480 492
3d2f 128 292 202
3d2f 52 92 12
3d2f 114 80 6
3d2f 40 426 278
3d2f 70 368 188
3d2f 102 476 382
3d2f 118 276 176
3d2f 84 64 228
3d2f 22 80 322
3d2f 60 362 438
3d2f 46 272 72
3d2f 114 162 406
3d2f 188 192 410
3d2f 10 208 424
3d2f 36 74 344
3d2f 120 468 200
3d2f 116 422 208
3d2f 44 90 76
3d2f 36 470 116
3d2f 88 32 80
3d2f 72 426 208
3d2f 48 116 16
3d2f 80 248 160
3d2f 16 66 282
3d2f 56 504 318
3d2f 16 310 334
3d2f 176 124 102
3d2f 186 14 446
3d2f 184 302 2
3d2f 110 476 8
3d2f 24 116 412
3d2f 130 322 242
3d2f 146 478 94
3d2f 178 380 134
3d2f 148 470 120
3d2f 58 236 160
3d2f 10 458 276
3d2f 88 382 150
3d2f 46 130 374
3d2f 178 490 84
3d2f 14 62 200
3d2f 64 132 268
3d2f 52 484 422
3d2f 94 20 2
3d2f 80 192 416
3d2f 82 338 164
3d2f 142 156 506
3d2f 100 200 508
3d2f 150 436 188
3d2f 18 220 286
3d2f 50 466 54
3d2f 84 476 6
3d2f 156 386 264
3d2f 40 28 304
3d2f 174 506 316
3d2f 44 22 156
3d2f 164 248 360
3d2f 142 362 366
3d2f 64 62 232
3d2f 26 52 444
3d2f 32 2 54
3d2f 148 56 378
3d2f 16 174 402
3d2f 26 154 480
3d2f 62 494 20
3d2f 156 8 72
3d2f 18 398 192
3d2f 140 428 240
3d2f 12 114 346
3d2f 184 508 46
3d2f 98 62 282
3d2f 74 378 102
3d2f 94 498 58
3d2f 122 68 40
3d2f 156 248 14
3d2f 112 338 94
3d2f 180 430 202
3d2f 34 422 22
3d2f 22 34 108
3d2f 162 134 146
3d2f 42 258 364
3d2f 52 328 276
3d2f 182 2 482
3d2f 90 52 320
3d2f 76 190 452
3d2f 58 226 102
3d2f 174 50 428
3d2f 130 212 468
3d2f 144 462 74
3d2f 64 438 498
3d2f 188 364 132
3d2f 90 370 310
3d2f 114 130 10
3d2f 54 118 414
3d2f 146 254 188
3d2f 174 414 450
3d2f 174 258 406
3d2f 102 2 6
3d2f 122 352 158
3d2f 154 226 52
3d2f 132 448 248
3d2f 108 310 278
3d2f 38 252 144
3d2f 116 488 142
3d2f 88 278 290
3d2f 108 48 138
3d2f 42 380 218
3d2f 188 210 378
3d2f 110 276 40
3d2f 60 2 206
3d2f 170 262 84
3d2f 48 326 350
3d2f 64 320 454
3d2f 184 122 376
3d2f 152 492 238
3d2f 48 142 214
3d2f 190 346 48
3d2f 186 38 184
3d2f 152 238 340
3d2f 118 208 294
3d2f 170 508 430
3d2f 24 122 186
3d2f 76 406 298
3d2f 184 132 420
3d2f 166 112 120
3d2f 120 186 120
3gl1 78 176 42
3gl1 146 176 130
3gl1 96 368 410
3gl1 98 60 18
3gl1 78 144 74
3gl1 110 400 152
3gl1 128 456 320
3gl1 120 480 458
3gl1 128 338 474
3gl1 64 62 192
3gl1 64 160 438
3gl1 150 324 368
3gl1 46 112 326
3gl1 140 248 238
3gl1 28 364 302
3gl1 134 194 242
3gl1 90 134 252
3gl1 8 54 222
3gl1 36 446 354
3gl1 184 180 64
3gl1 32 296 432
3gl1 182 288 322
3gl1 118 272 160
3gl1 164 280 326
3gl1 152 42 102
3gl1 30 4 294
3gl1 74 46 124
3gl1 84 8 24
3gl1 146 354 454
3gl1 156 288 374
3gl1 16 38 236
3gl1 28 58 324
3gl1 154 164 280
3gl1 82 372 376
3gl1 144 108 348
3gl1 128 106 398
3gl1 184 126 358
3gl1 90 380 86
3gl1 28 388 400
3gl1 120 142 134
3gl1 76 334 216
3gl1 164 122 14
3gl1 184 504 66
3gl1 100 442 370
3gl1 24 156 112
3gl1 42 170 376
3gl1 112 216 100
3gl1 94 150 256
3gl1 12 264 438
3gl1 120 468 326
3gl1 168 470 280
3gl1 108 240 262
3gl1 122 310 486
3gl1 140 238 50
3gl1 44 506 256
3gl1 116 382 114
3gl1 28 296 506
3gl1 136 182 262
3gl1 20 14 326
3gl1 170 222 72
3gl1 80 504 384
3gl1 98 320 328
3gl1 164 508 250
3gl1 30 500 304
3gl1 104 156 490
3gl1 26 42 394
3gl1 36 332 314
3gl1 172 346 92
3gl1 176 230 132
3gl1 156 30 314
3gl1 94 402 64
3gl1 148 358 244
3h84 68 30 92
3h84 124 418 64
3h84 34 82 390
3h84 122 154 104
3h84 142 296 6
3h84 52 26 10
3h84 150 250 64
3h84 178 286 358
3h84 194 502 180
3h84 144 212 336
3h84 26 74 248
3h84 40 326 422
3h84 100 340 198
3h84 70 254 390
3h84 116 8 300
3h84 98 68 44
3h84 82 28 252
3h84 30 66 174
3h84 126 52 154
3h84 104 398 32
3h84 96 128 486
3h84 30 118 506
3h84 90 422 374
3h84 84 112 246
3h84 12 244 432
3h84 122 408 408
3h84 192 508 242
3h84 106 30 98
3h84 56 274 186
3h84 148 240 424
3h84 90 148 162
3h84 50 322 450
3h84 54 2 6
3h84 52 398 24
3h84 166 182 366
3h84 184 478 118
3h84 138 22 60
3h84 168 262 326
3h84 124 228 268
3h84 190 160 64
3h84 168 452 296
3h84 18 420 328
3h84 124 88 368
3h84 8 476 314
3h84 132 300 462
3h84 184 96 308
3h84 86 44 278
3h84 154 504 56
3h84 168 88 418
3h84 74 288 74
3h84 50 66 428
3h84 44 4 382
3h84 196 126 272
3h84 146 180 336
3h84 132 502 244
3h84 124 500 172
3h84 144 454 320
3h84 114 2 38
3h84 112 82 210
3h84 100 282 420
3h84 108 50 316
3h84 180 454 118
3h84 100 148 508
3h84 110 4 230
3h84 118 476 304
3h84 146 348 194
3h84 44 412 72
3h84 8 406 274
3h84 96 298 394
3h84 98 280 2
3h84 168 322 82
3h84 68 446 222
3h84 60 340 256
3h84 64 170 130
3h84 66 360 154
3h84 44 448 480
3h84 94 88 506
3h84 182 474 272
3h84 168 306 106
3h84 54 38 118
3h84 44 256 492
3h84 172 198 4
3h84 116 204 490
3h84 182 62 356
3h84 184 282 114
3h84 192 498 114
3h84 192 440 158
3h84 142 506 174
3h84 46 290 4
3h84 168 402 246
3h84 174 44 278
3h84 112 62 448
3h84 58 178 506
3h84 180 482 464
3h84 144 258 296
3h84 168 362 2
3h84 158 164 346
3h84 64 292 4
3h84 168 416 104
3h84 110 358 90
3h84 160 382 12
3h84 90 118 506
3h84 52 470 372
3h84 10 360 374
3h84 134 290 500
3h84 150 36 170
3h84 34 4 310
3h84 122 434 506
3h84 32 248 222
3h84 88 242 262
3h84 120 184 224
3h84 106 48 508
3h84 80 326 430
3h84 180 84 196
3h84 164 408 2
3h84 74 292 168
3h84 34 176 256
3h84 178 366 324
3h84 164 182 160
3h84 82 258 278
3h84 54 196 156
3h84 14 256 306
3h84 100 156 138
3h84 82 346 30
3h84 168 96 284
3h84 78 88 314
3h84 44 44 476
3h84 172 232 446
3h84 184 508 260
3h84 186 162 46
3h84 188 344 88
3h84 4 194 108
3h84 70 504 460
3h84 82 426 294
3h84 154 180 280
3h84 162 424 276
3h84 128 430 188
3h84 170 508 480
3h84 12 470 206
3h84 76 102 378
3h84 192 354 256
3h84 166 26 296
3h84 28 200 504
3h84 116 326 506
3h84 90 298 508
3h84 18 506 230
3h84 90 310 482
3h84 6 504 176
3h84 100 314 18
3h84 16 260 222
3h84 154 424 482
3h84 188 430 126
3h84 92 504 362
3h84 114 380 474
3h84 164 138 214
3h84 86 208 356
3h84 2 138 298
3h84 168 34 424
3h84 186 150 402
3h84 90 444 290
3h84 114 494 200
3h84 88 366 274
3h84 184 266 246
3h84 50 28 60
3h84 138 240 32
3h84 84 278 148
3qm1 140 18 344
3qm1 186 368 212
3qm1 60 72 318
3qm1 18 2 416
3qm1 46 338 124
3qm1 180 406 206
3qm1 138 186 146
3qm1 14 394 126
3qm1 86 22 148
3qm1 22 146 416
3qm1 84 180 374
3qm1 134 452 168
3qm1 106 90 64
3qm1 66 262 354
3qm1 86 168 76
3qm1 168 468 300
3qm1 2 76 308
3qm1 80 258 120
3qm1 168 114 132
3qm1 128 70 402
3qm1 134 168 366
3qm1 158 484 230
3qm1 118 12 460
3qm1 102 2 148
3qm1 126 56 428
3qm1 90 274 168
3qm1 40 326 130
3qm1 74 344 344
3qm1 166 146 428
3qm1 76 122 82
3qm1 88 40 2
3qm1 84 0 182
3qm1 118 0 504
3qm1 136 490 66
3qm1 36 470 506
3qm1 32 160 282
3qm1 116 102 34
3qm1 196 398 246
3qm1 70 460 198
3qm1 4 258 452
3qm1 70 436 262
3qm1 74 58 468
3qm1 16 510 100
3qm1 62 232 274
3qm1 40 394 88
3qm1 164 234 318
3qm1 100 462 480
3qm1 106 100 18
3qm1 28 130 358
3qm1 124 340 440
3qm1 42 106 94
3qm1 124 508 484
3qm1 86 430 4
3qm1 184 222 184
3qm1 164 116 230
3qm1 18 304 228
3qm1 146 422 410
3qm1 114 64 302
3qm1 128 150 162
3qm1 94 324 184
3qm1 160 472 78
3qm1 54 294 22
3qm1 64 424 170
3qm1 172 154 244
3qm1 80 152 322
3qm1 104 110 48
3qm1 48 172 206
3qm1 168 280 460
3qm1 28 38 182
3qm1 188 16 282
3qm1 168 96 38
3qm1 28 354 436
3qm1 32 508 466
3qm1 2 164 450
3qm1 158 272 2
3qm1 20 240 494
3qm1 82 0 384
3qm1 176 92 114
3qm1 84 440 60
3qm1 136 408 30
3qm1 16 0 66
3qm1 12 2 208
3qm1 184 222 156
3qm1 50 308 420
3qm1 46 290 494
3qm1 48 26 78
3qm1 122 292 448
3qm1 114 244 408
3qm1 152 296 414
3qm1 80 244 144
3qm1 98 440 398
3qm1 102 416 314
3qm1 20 412 450
3qm1 2 268 252
3qm1 160 174 118
3qm1 76 322 56
3qm1 150 404 256
3qm1 64 130 176
3qm1 96 344 48
3qm1 154 418 122
3qm1 34 146 324
4b4t 66 202 350
4b4t 128 208 444
4b4t 22 324 394
4b4t 146 54 26
4b4t 74 212 228
4b4t 174 460 326
4b4t 56 198 30
4b4t 18 378 432
4b4t 170 64 216
4b4t 142 492 10
4b4t 28 138 290
4b4t 86 144 228
4b4t 94 272 188
4b4t 56 284 450
4b4t 94 200 330
4b4t 20 142 176
4b4t 20 60 134
4b4t 54 396 406
4b4t 96 224 140
4b4t 178 350 374
4b4t 62 452 422
4b4t 118 310 134
4b4t 66 286 98
4b4t 154 422 50
4b4t 40 498 74
4b4t 84 10 282
4b4t 102 352 338
4b4t 32 22 72
4b4t 160 388 452
4b4t 60 316 314
4b4t 20 420 360
4b4t 24 246 278
4b4t 22 200 376
4b4t 110 320 374
4b4t 22 308 98
4b4t 16 160 78
4b4t 16 282 340
4b4t 16 496 372
4b4t 22 432 458
4b4t 140 326 218
4b4t 162 202 440
4b4t 172 40 246
4b4t 76 182 210
4b4t 134 498 204
4b4t 116 292 254
4b4t 150 280 122
4b4t 16 14 270
4b4t 66 412 98
4b4t 22 310 186
4b4t 108 158 20
4b4t 120 362 280
4b4t 60 382 374
4b4t 160 152 54
4b4t 174 176 248
4b4t 136 52 478
4b4t 18 290 310
4b4t 174 14 94
4b4t 102 336 450
4b4t 34 154 346
4b4t 56 276 138
4b4t 62 286 304
4b4t 18 236 460
4b4t 16 476 154
4b4t 64 78 374
4b4t 26 86 456
4b4t 134 416 114
4b4t 94 380 348
4b4t 174 326 258
4b4t 140 466 286
4b4t 156 196 296
4b4t 178 382 78
4b4t 88 94 50
4b4t 96 182 280
4b4t 94 264 470
4b4t 104 368 28
4b4t 132 380 214
4b4t 106 100 476
4b4t 84 414 338
4b4t 128 192 360
4b4t 136 330 264
4b4t 96 438 114
4b4t 88 232 288
4b4t 86 424 238
4b4t 46 54 300
4b4t 24 442 304
4b4t 64 176 270
4b4t 152 62 286
4b4t 92 492 314
4b4t 120 272 358
4b4t 182 294 162
4b4t 104 116 338
4b4t 44 430 390
4b4t 30 360 102
4b4t 152 160 176
4b4t 108 326 412
4b4t 36 114 234
4b4t 38 492 480
4b4t 114 192 160
4b4t 178 466 242
4b4t 148 134 384
4b4t 172 34 64
4b4t 38 94 280
4b4t 20 350 128
4b4t 162 202 76
4b4t 160 290 438
4b4t 94 308 76
4b4t 140 244 134
4b4t 82 190 150
4b4t 180 100 74
4b4t 176 62 150
4b4t 178 200 332
4b4t 170 436 152
4b4t 88 290 222
4b4t 56 492 154
4b4t 170 444 80
4b4t 28 384 272
4b4t 108 262 136
4b4t 182 282 276
4b4t 160 382 44
4b4t 128 444 426
4b4t 128 182 284
4b4t 46 144 22
4b4t 60 160 380
4b4t 144 158 210
4b4t 62 108 242
4b4t 170 442 442
4b4t 176 374 302
4b4t 42 274 208
4b4t 152 86 468
4b4t 176 310 400
4b4t 74 248 62
4b4t 40 428 152
4b4t 48 48 268
4b4t 100 60 72
4b4t 156 148 306
4b4t 172 326 446
4b4t 136 314 48
4b4t 110 466 240
4b4t 184 216 8
4b4t 152 172 406
4b4t 146 214 4
4b4t 140 264 212
4b4t 168 208 250
4b4t 56 138 138
4b4t 98 460 422
4b4t 126 390 254
4b4t 108 28 242
4b4t 78 30 408
4b4t 140 266 394
4b4t 122 22 38
4b4t 120 214 40
4b4t 18 180 482
4b4t 34 416 218
4b4t 66 132 462
4b4t 122 380 338
4b4t 16 96 76
4b4t 14 384 68
4b4t 100 412 130
4b4t 60 58 336
4b4t 116 250 8
4b4t 178 62 24
4b4t 44 376 502
4b4t 18 390 468
4b4t 152 74 176
4b4t 44 344 470
4b4t 182 86 12
4b4t 190 498 8
4b4t 156 306 488
4b4t 78 470 236
4b4t 110 478 506
4b4t 78 488 504
4b4t 156 80 244
4b4t 122 132 30
4b4t 166 410 76
4b4t 116 4 206
4b4t 110 406 4
4b4t 78 500 246
4b4t 122 302 224
4b4t 144 140 242
4b4t 178 416 232
4b4t 150 98 442
4b4t 192 272 6
4b4t 6 148 502
4b4t 12 316 506
4b4t 16 256 506
4d8q 142 94 38
4d8q 186 128 292
4d8q 96 438 486
4d8q 126 206 78
4d8q 168 144 452
4d8q 62 354 408
4d8q 52 404 182
4d8q 106 30 314
4d8q 12 78 100
4d8q 86 40 346
4d8q 62 54 80
4d8q 66 168 166
4d8q 130 78 426
4d8q 48 140 432
4d8q 98 142 428
4d8q 74 48 152
4d8q 162 72 114
4d8q 86 30 378
4d8q 78 408 12
4d8q 106 430 16
4d8q 64 368 218
4d8q 142 92 492
4d8q 130 308 162
4d8q 180 120 198
4d8q 14 466 108
4d8q 64 428 460
4d8q 136 44 400
4d8q 144 114 412
4d8q 136 456 16
4d8q 144 446 456
4d8q 52 268 34
4d8q 112 30 482
4d8q 64 252 120
4d8q 138 392 124
4d8q 108 150 76
4d8q 96 108 166
4d8q 164 188 214
4d8q 180 70 372
4d8q 18 472 372
4d8q 56 156 494
4d8q 184 114 8
4d8q 90 480 106
4d8q 156 352 50
4d8q 10 92 404
4d8q 80 198 124
4d8q 92 376 228
4d8q 12 270 90
4d8q 174 310 350
4d8q 66 258 450
4d8q 88 486 460
4d8q 92 306 126
4d8q 66 414 156
4d8q 120 286 480
4d8q 144 212 230
4d8q 16 60 472
4d8q 158 384 390
4d8q 88 324 280
4d8q 160 372 114
4d8q 186 434 306
4d8q 82 190 44
4d8q 16 486 438
4d8q 182 476 390
4d8q 140 298 360
4d8q 154 22 122
4d8q 28 18 196
4d8q 50 86 470
4d8q 150 132 268
4d8q 60 412 360
4d8q 138 350 388
4d8q 50 50 364
4d8q 82 478 260
4d8q 180 326 230
4d8q 162 456 406
4d8q 132 494 318
4d8q 70 18 206
4d8q 68 396 228
4d8q 112 434 82
4d8q 162 404 328
4d8q 112 124 406
4d8q 114 350 74
4d8q 98 42 442
4d8q 32 502 156
4d8q 88 470 30
4d8q 16 116 152
4d8q 116 378 440
4d8q 178 154 80
4d8q 112 56 18
4d8q 186 324 192
4d8q 98 204 450
4d8q 20 26 246
4d8q 14 446 168
4d8q 128 466 422
4d8q 104 324 248
4d8q 126 18 90
4d8q 102 62 240
4d8q 26 332 458
4d8q 102 348 312
4d8q 82 102 450
4d8q 184 348 188
4d8q 156 258 504
4d8q 110 240 72
4d8q 10 436 238
4d8q 34 196 222
4d8q 114 62 354
4d8q 108 216 204
4d8q 60 92 424
4d8q 116 490 404
4d8q 182 142 226
4d8q 116 134 184
4d8q 72 486 346
4d8q 176 132 252
4d8q 118 396 482
4d8q 138 326 414
4d8q 28 18 348
4d8q 140 412 80
4d8q 72 318 388
4d8q 86 374 500
4d8q 72 76 80
4d8q 186 324 98
4d8q 78 454 80
4d8q 40 444 226
4d8q 54 320 76
4d8q 142 342 352
4d8q 86 246 94
4d8q 190 268 362
4d8q 62 350 318
4d8q 172 288 232
4d8q 38 232 44
4d8q 134 498 268
4d8q 106 318 480
4d8q 114 134 56
4d8q 162 48 484
4d8q 106 228 374
4d8q 166 196 464
4d8q 64 238 462
4d8q 10 400 90
4d8q 98 336 142
4d8q 136 130 120
4d8q 116 282 284
4d8q 16 28 302
4d8q 176 166 28
4d8q 112 162 386
4d8q 112 52 376
4d8q 12 46 264
4d8q 102 274 64
4d8q 78 292 418
4d8q 66 190 374
4d8q 76 390 460
4d8q 128 306 90
4d8q 54 346 342
4d8q 84 362 428
4d8q 130 350 332
4d8q 30 466 456
4d8q 88 100 88
4d8q 128 108 134
4d8q 86 298 274
4d8q 164 326 26
4d8q 170 404 404
4d8q 48 490 222
4d8q 30 106 208
4d8q 108 240 30
4d8q 44 68 174
4d8q 20 240 48
4d8q 138 246 166
4d8q 70 132 384
4d8q 108 378 142
4d8q 102 388 200
4d8q 122 488 118
4d8q 142 62 104
4d8q 146 442 494
4d8q 146 310 394
4d8q 32 232 146
4d8q 178 456 216
4d8q 178 10 20
4d8q 50 132 90
4d8q 112 432 296
4d8q 40 28 102
4d8q 150 468 366
4d8q 12 338 478
4d8q 98 152 288
4d8q 176 238 14
4d8q 150 194 136
4d8q 112 82 504
4d8q 162 400 302
4d8q 84 498 38
4d8q 110 400 504
4d8q 70 90 282
4d8q 14 164 8
4d8q 52 234 378
4d8q 188 392 16
4d8q 162 400 490
4d8q 188 466 14
4d8q 22 500 6
4d8q 134 6 362
4d8q 182 504 140
4d8q 14 468 82
4d8q 28 350 8
4d8q 170 238 492
4d8q 54 30 506
4d8q 158 236 216
4d8q 188 60 458
4d8q 128 4 398
4d8q 12 376 492
4d8q 148 180 4
4d8q 168 434 504
